10.1
10.1
11.1
6.06
2.02
6.06
11.1
12.0
9.00
6.00
13.0
5.00
11.0
9.07
12.1
9.07
9.02
10.0
7.01
11.1
7.05
9.09
8.08
8.06
10.1
6.05
7.01
11.1
4.01
11.0
10.0
8.01
10.0
10.0
12.0
12.1
9.06
11.1
9.06
7.00
12.1
6.00
11.0
9.00
6.00
12.0
7.95
9.00
8.99
10.9
8.99
8.94
13.4
8.00
10.0
9.00
9.59
7.31
7.83
6.00
7.95
9.49
8.13
8.89
8.34
10.0
4.98
7.29
6.84
6.70
6.68
12.0
7.06
7.37
6.95
6.36
6.17
10.0
8.18
9.44
7.80
11.0
3.98
9.00
12.0
6.88
8.89
7.01
7.00
5.00
11.0
8.06
10.1
15.1
12.1
9.99
9.07
9.08
10.1
11.1
12.1
9.99
8.04
10.1
9.07
11.1
11.1
6.99
10.1
11.0
12.1
9.00
10.0
8.00
10.0
10.0
11.0
11.0
6.00
12.0
8.96
9.00
11.0
8.84
7.64
7.00
6.82
7.05
7.07
6.20
8.68
10.0
6.89
7.62
7.99
7.99
10.0
7.00
10.7
8.07
7.59
9.00
9.00
9.00
7.01
5.04
9.08
13.1
9.00
10.0
11.0
10.0
8.06
8.06
8.01
7.86
9.02
14.0
10.0
12.1
10.0
8.39
9.93
9.75
11.2
10.0
12.0
10.1
10.0
6.96
11.6
5.00
11.0
9.00
8.34
8.27
10.8
9.00
10.0
11.0
