11.1
9.09
8.03
6.92
6.12
7.53
7.03
6.00
11.0
7.99
8.99
7.37
7.42
8.40
7.38
7.11
7.91
8.57
9.57
7.61
7.64
8.83
8.99
10.5
6.59
7.66
8.15
5.96
6.96
5.99
8.26
6.72
8.14
7.02
5.97
7.57
7.01
7.01
8.48
7.99
7.99
9.15
6.99
6.99
7.51
8.99
4.97
7.91
6.94
7.58
7.62
8.84
7.71
9.40
8.45
6.96
5.96
7.40
8.95
7.24
9.40
8.55
5.94
8.71
8.93
8.51
9.24
7.88
7.51
7.44
6.91
5.97
11.0
7.84
8.90
7.93
7.33
4.95
8.26
7.54
8.99
5.99
7.92
6.97
8.92
4.96
5.96
7.64
6.93
8.67
7.00
6.94
8.84
14.2
8.99
8.99
7.00
9.99
8.96
10.3
10.6
7.99
9.57
9.80
8.91
11.0
5.96
6.99
11.8
9.18
9.91
3.99
9.99
10.0
10.0
7.99
8.99
12.0
6.00
10.0
10.0
8.00
10.0
11.0
6.01
10.0
12.0
5.01
4.01
10.0
8.01
9.07
11.0
10.0
8.01
6.01
10.0
9.01
6.00
9.00
7.01
8.01
9.01
7.01
9.00
8.00
10.1
11.0
6.04
9.01
6.00
11.0
7.01
12.0
7.01
5.01
6.00
8.00
7.00
4.99
6.00
11.0
7.00
8.01
8.00
6.00
10.0
9.00
7.00
9.99
10.0
9.00
13.0
7.00
9.00
9.00
10.0
8.00
11.0
9.00
