10.3
10.8
6.35
7.24
8.36
10.0
8.09
7.98
8.09
5.86
7.65
6.00
10.8
10.0
10.7
7.77
9.55
9.52
6.54
9.00
9.00
10.7
10.5
9.49
9.81
11.0
10.0
13.0
6.00
11.9
9.00
9.00
11.0
10.0
12.0
6.00
8.00
7.00
10.0
8.00
8.00
8.00
6.00
13.0
14.0
7.00
8.00
6.00
9.00
14.0
11.0
13.0
12.0
11.0
11.0
14.0
8.00
10.0
11.0
11.0
10.0
12.0
10.0
9.00
9.00
9.00
7.99
9.00
8.00
12.0
8.00
11.0
11.0
10.0
8.00
11.0
9.00
10.0
6.00
11.0
13.0
10.0
12.0
12.0
9.00
13.0
10.0
8.00
9.00
10.0
10.0
10.0
11.0
11.0
11.0
13.0
7.00
11.0
8.00
8.00
9.00
10.0
7.00
13.0
9.00
8.00
8.00
10.0
8.00
10.0
9.00
7.00
9.00
11.0
8.00
10.0
11.0
8.00
11.0
12.0
9.00
9.00
11.0
7.00
8.00
11.0
9.00
10.0
9.00
11.0
7.00
7.00
5.00
10.0
12.0
10.0
9.00
9.00
6.00
9.00
8.00
7.00
6.00
7.00
13.0
9.00
9.00
8.00
7.00
7.00
6.00
13.0
8.00
9.00
7.00
8.00
10.0
9.00
12.0
11.0
13.0
11.0
12.0
9.00
13.0
14.0
12.0
9.00
9.00
11.0
8.00
7.00
10.0
10.0
9.00
4.00
8.00
10.0
8.00
13.0
