7.71
8.42
7.24
10.1
12.0
10.8
9.52
10.7
8.99
10.1
12.0
7.07
11.0
11.0
9.00
8.02
5.03
10.0
9.01
9.00
11.9
7.99
10.7
8.93
9.27
7.00
11.3
10.2
9.00
8.01
11.0
7.96
10.0
10.5
8.39
9.60
4.98
8.80
10.4
10.0
11.3
10.0
12.0
9.00
10.0
7.00
9.00
6.00
13.0
12.0
9.76
10.0
9.99
9.01
9.00
10.0
11.0
11.0
9.00
9.65
11.0
10.0
7.05
6.01
11.0
9.01
11.0
8.01
9.06
8.00
7.39
7.63
8.55
7.99
10.0
10.1
6.63
7.93
8.85
7.95
7.87
8.55
9.99
6.00
10.0
6.98
8.99
8.28
8.96
7.99
10.0
9.51
6.99
11.4
10.1
5.99
8.00
10.0
11.0
10.0
10.0
11.0
11.0
11.0
12.0
9.00
10.0
8.01
9.00
8.99
11.0
11.9
7.99
9.00
5.00
11.0
11.0
8.00
13.0
11.0
9.00
8.99
6.99
9.99
11.0
9.35
11.0
7.65
7.76
6.99
7.92
10.0
9.00
7.98
7.93
13.0
7.00
9.98
10.0
8.76
8.89
6.94
8.41
9.80
9.00
8.69
7.57
7.77
8.10
11.0
5.99
10.6
8.29
7.64
8.95
12.0
11.0
4.98
9.56
7.74
9.85
8.00
10.1
8.00
9.97
8.96
9.72
10.0
12.0
9.00
6.00
12.0
8.00
11.0
11.0
9.00
10.0
7.95
10.0
10.0
