6.01
5.81
7.50
7.87
7.54
6.79
6.86
11.1
12.1
10.0
8.07
6.00
9.04
11.1
8.03
8.06
11.1
9.06
14.1
11.1
11.1
11.1
8.05
9.00
10.0
12.0
11.0
10.0
11.0
15.0
11.0
8.01
13.0
6.01
11.0
12.0
9.01
8.07
11.0
9.01
13.0
8.00
11.0
15.0
7.00
11.0
7.95
11.0
12.0
9.99
9.99
10.9
13.4
11.0
6.99
11.0
6.93
8.45
7.79
11.0
3.97
8.99
9.45
8.50
8.87
11.0
8.23
7.16
6.92
6.84
4.96
10.0
7.01
6.87
6.85
7.81
6.71
9.00
6.64
8.82
8.01
6.98
8.97
8.00
5.98
6.97
8.61
7.15
9.08
6.99
9.01
7.01
8.01
11.0
11.0
5.99
10.0
9.00
8.99
8.01
12.0
8.99
10.0
8.01
6.00
10.0
10.8
8.00
7.98
8.01
11.2
10.0
8.00
12.0
6.94
10.0
6.00
10.5
8.00
9.00
7.97
7.96
7.98
8.00
7.50
12.0
6.09
7.45
7.96
7.08
8.34
10.0
6.74
6.03
7.24
6.98
8.14
11.0
7.11
6.13
7.72
7.00
8.00
10.0
7.05
7.22
6.77
6.54
8.00
7.00
8.69
6.88
7.51
12.0
10.0
11.0
10.0
9.00
5.00
9.00
7.00
5.94
11.5
7.96
11.3
9.00
8.00
12.0
9.00
9.99
12.3
10.0
6.00
8.04
9.39
6.95
9.64
10.0
11.0
13.0
