6.37
7.65
10.5
8.90
9.24
7.00
6.64
6.68
5.98
7.84
4.80
8.07
8.90
8.00
6.80
8.57
8.78
8.93
9.81
5.00
7.00
9.00
10.6
7.00
7.93
4.00
9.00
9.00
10.0
8.00
10.0
10.0
7.00
9.00
8.00
5.00
8.00
9.00
7.00
4.00
9.00
6.00
10.0
13.0
8.00
3.00
6.00
6.00
8.00
8.00
7.00
10.0
9.00
7.00
7.00
8.00
10.0
6.00
6.00
11.0
7.00
8.00
9.00
10.0
10.0
7.00
12.0
9.00
12.0
8.00
5.00
9.00
6.00
12.0
9.00
7.00
9.00
9.00
6.00
11.0
9.00
8.00
9.00
11.0
5.00
11.0
7.00
11.0
8.00
5.00
12.0
5.00
11.0
9.00
8.00
11.0
7.00
5.00
8.00
10.0
8.00
5.00
11.0
6.00
13.0
11.0
9.00
8.00
10.0
7.00
5.00
7.00
5.00
10.0
8.00
12.0
9.00
8.00
8.00
11.0
11.0
8.00
7.00
5.00
11.0
9.00
8.00
12.0
8.00
9.00
9.00
8.00
11.0
5.00
9.00
12.0
7.00
3.00
11.0
8.87
10.0
7.00
8.00
7.00
10.0
8.00
9.00
4.00
9.00
8.00
8.00
8.00
7.00
9.00
7.00
10.0
12.0
13.0
7.00
14.0
9.00
9.00
8.00
8.00
5.00
9.00
10.0
11.0
9.00
10.0
12.0
10.0
9.00
7.00
11.0
10.0
7.00
9.00
7.00
9.00
