10.3
6.95
9.43
6.31
4.91
8.00
6.44
7.64
6.91
7.09
9.57
6.50
6.50
5.00
8.96
10.9
10.3
8.85
7.64
12.0
7.00
7.00
7.64
7.00
8.91
9.00
11.0
5.00
7.00
11.0
11.0
11.0
8.00
10.0
4.00
11.0
8.00
6.00
7.00
10.0
11.0
11.0
9.00
8.00
7.00
8.00
7.00
11.0
6.00
11.0
8.00
12.0
9.00
7.00
7.00
7.00
8.00
10.0
9.00
10.0
8.00
9.00
8.00
10.0
6.00
8.00
10.0
8.00
6.00
10.0
5.00
6.00
7.00
12.0
6.00
8.00
5.00
7.00
7.00
9.00
7.00
10.0
7.00
9.00
5.00
10.0
10.0
9.00
9.00
6.00
7.00
9.00
10.0
8.00
7.00
6.00
9.00
12.0
10.0
5.00
7.00
9.00
7.00
10.0
5.00
7.00
7.00
6.00
8.00
5.00
8.00
9.00
8.00
11.0
9.00
10.0
9.00
11.0
8.00
7.00
7.00
10.0
7.00
12.0
10.0
10.0
9.00
10.8
8.00
4.00
7.00
11.0
5.00
9.00
8.00
9.00
8.00
9.00
11.0
8.57
3.00
9.00
9.00
10.0
7.00
8.00
11.0
12.0
8.00
9.00
11.0
11.0
9.00
8.00
11.0
5.00
8.00
9.00
11.0
11.0
7.00
8.00
9.00
6.00
8.00
7.00
15.0
10.0
6.00
9.00
7.00
11.0
6.00
9.00
9.00
9.00
6.00
8.00
8.00
5.00
