5.63
6.57
6.97
6.96
7.43
6.40
7.41
8.70
10.0
9.00
11.0
9.00
8.00
9.00
11.0
12.0
5.97
11.0
9.86
8.53
6.99
8.98
7.97
7.99
8.88
12.0
9.99
9.94
8.00
9.99
9.99
7.92
6.00
3.99
4.99
7.94
7.00
9.92
8.98
8.01
8.99
8.00
9.00
11.0
8.01
9.01
7.00
11.0
10.0
7.01
7.01
12.0
10.0
8.01
10.0
8.01
6.00
9.08
7.06
10.1
8.01
9.08
9.08
9.09
12.1
10.1
12.0
12.1
11.1
13.1
11.1
10.1
9.01
9.08
9.10
10.1
12.0
9.09
10.0
8.08
7.07
9.10
9.09
9.03
9.69
6.32
7.13
6.88
5.95
11.0
7.38
10.1
9.60
8.96
5.00
9.00
8.49
10.6
6.98
9.15
6.00
8.00
9.72
8.62
12.0
9.00
10.5
12.0
10.2
10.8
8.74
9.56
6.00
11.0
11.0
9.94
10.0
7.01
11.0
13.0
7.94
8.81
9.66
6.92
10.0
8.00
7.11
9.23
10.4
7.56
4.98
12.0
7.10
6.26
5.98
6.85
7.91
11.0
6.96
6.22
6.76
7.06
8.07
7.00
8.02
7.17
8.41
6.96
9.00
8.00
8.00
7.98
7.99
5.00
7.00
8.76
7.05
12.1
11.1
9.05
14.0
8.39
9.00
10.0
12.0
6.00
6.00
8.23
8.00
7.93
9.92
8.00
11.0
9.00
10.3
7.67
10.2
10.0
9.00
6.00
