10.1
7.07
7.08
9.08
7.72
6.35
7.20
5.95
10.4
7.44
4.95
6.65
10.5
7.86
5.95
8.69
8.88
7.99
8.99
6.67
9.15
11.9
5.97
8.87
8.78
8.75
4.96
7.57
8.56
4.96
9.24
6.15
6.95
8.89
6.91
7.88
8.63
7.81
7.57
8.54
7.56
8.76
8.65
7.99
8.92
8.86
7.92
8.21
7.99
7.97
6.79
6.99
5.95
8.00
8.27
2.98
10.5
6.92
6.83
6.72
10.1
6.06
7.08
8.07
5.02
10.1
4.02
11.1
5.04
8.08
9.10
11.1
6.05
8.01
12.0
9.04
5.03
10.0
9.00
7.01
7.01
9.01
8.01
7.00
9.00
8.01
8.01
7.01
7.00
8.00
11.0
5.01
7.01
11.0
8.01
11.0
8.00
6.01
8.04
7.03
9.03
3.00
8.04
10.1
5.04
7.01
9.04
9.01
7.01
8.01
7.01
9.01
7.00
6.00
5.00
8.01
9.01
11.0
6.01
10.0
11.0
6.99
7.99
8.00
7.00
7.00
8.97
7.91
7.62
6.97
8.01
10.0
9.00
11.6
10.6
5.99
10.3
9.99
5.00
6.99
4.99
5.99
9.91
8.99
7.00
5.96
5.97
8.22
7.76
6.00
7.97
4.99
9.53
5.99
7.99
8.99
9.00
8.95
6.99
7.99
6.97
8.00
9.70
8.00
8.00
9.16
10.8
8.00
3.99
9.89
8.00
7.97
3.99
7.00
7.99
3.00
10.9
9.48
6.99
8.00
