7.60
6.63
6.99
7.99
6.38
6.83
7.21
6.40
4.97
7.46
5.94
8.06
6.92
9.02
8.37
8.50
8.51
9.54
8.38
7.99
8.23
4.98
6.55
10.1
8.73
4.96
6.88
5.95
8.73
9.56
8.40
6.15
7.70
7.99
6.88
7.07
6.38
6.25
7.54
8.76
7.64
5.93
7.74
4.99
7.86
5.98
8.53
6.00
5.97
7.71
7.99
5.97
7.37
6.93
8.86
7.64
9.00
8.92
7.99
6.99
5.95
8.07
7.72
8.10
10.3
8.60
6.95
7.90
7.59
6.92
7.74
7.62
8.41
6.01
8.00
9.71
7.40
7.85
6.94
7.01
6.93
7.92
7.95
8.90
12.7
7.99
8.84
8.99
6.99
8.92
6.00
11.0
7.99
4.97
8.39
9.99
8.99
9.92
6.94
8.91
9.82
6.94
8.92
8.33
9.46
6.99
8.99
7.99
6.99
8.69
7.99
6.99
7.99
8.00
11.0
13.0
7.99
9.99
8.99
10.0
7.00
9.00
8.01
11.0
11.0
9.01
8.00
7.01
7.01
8.01
9.01
7.01
8.00
8.00
8.01
11.0
9.01
8.01
10.0
7.01
7.01
9.01
9.01
8.01
10.0
6.00
12.0
8.01
8.01
8.06
10.0
9.00
4.01
10.1
9.01
5.01
12.0
9.01
5.01
9.01
8.01
10.0
5.00
11.1
6.01
7.01
6.04
6.01
11.0
7.01
10.0
9.00
11.0
11.0
8.00
8.00
9.00
5.03
10.0
7.01
