6.19
6.12
7.19
7.48
7.37
6.92
7.44
8.99
9.01
10.0
8.04
8.00
11.0
11.0
10.0
8.00
9.27
7.97
9.93
8.85
12.3
8.92
9.76
11.5
9.00
11.0
7.00
11.0
10.0
8.00
11.0
9.00
6.00
9.99
12.0
7.00
9.00
10.4
9.97
9.00
8.48
9.00
9.00
7.00
12.0
7.00
13.0
10.0
9.99
5.99
13.0
9.00
6.96
8.99
10.4
10.9
4.00
7.95
5.95
7.60
14.2
9.81
8.30
8.51
7.71
8.21
5.99
8.06
7.70
7.34
6.78
7.07
6.99
6.95
7.50
7.38
6.41
6.93
6.00
6.77
7.09
7.27
8.29
12.0
11.0
8.75
5.84
8.06
6.75
7.47
7.00
8.11
10.0
9.39
9.52
9.00
11.0
9.00
8.00
8.00
10.0
6.99
4.00
7.01
8.98
9.63
8.95
10.1
9.00
8.97
9.01
9.04
9.01
8.00
8.00
8.00
11.0
7.00
11.0
11.0
8.00
11.6
8.64
9.68
6.94
6.98
12.0
5.70
6.92
6.95
6.97
8.41
13.0
6.97
6.65
6.96
6.47
8.31
8.00
7.63
7.43
7.38
7.20
12.6
12.0
6.00
8.08
7.85
6.16
8.00
9.00
9.12
6.86
8.23
8.98
9.00
8.00
8.60
9.97
9.00
8.89
9.00
9.08
7.00
9.00
8.01
12.0
5.00
9.14
11.0
4.00
9.00
12.0
11.0
7.00
10.0
10.1
8.06
8.07
7.00
