8.00
8.56
7.00
9.00
7.42
9.71
7.00
10.0
11.0
6.95
6.23
10.1
9.00
13.0
9.79
15.0
11.0
11.0
11.0
5.00
9.00
9.00
8.74
10.0
10.9
10.0
8.00
9.00
13.0
13.0
11.0
10.0
6.00
9.00
12.0
8.00
8.00
11.0
9.00
11.0
7.00
14.0
8.00
8.00
11.0
11.0
11.0
11.0
11.0
10.0
11.0
10.0
10.0
10.0
8.00
14.0
10.0
9.00
10.0
9.00
14.0
11.0
11.0
6.00
6.00
9.00
10.0
7.00
9.00
9.00
11.0
9.00
9.00
9.00
14.0
10.0
11.0
8.00
11.0
9.00
11.0
10.0
11.0
10.0
8.00
10.0
11.0
10.0
11.0
11.0
9.00
8.00
10.0
11.0
12.0
7.00
7.00
12.0
14.0
11.0
9.00
7.00
9.00
7.00
6.00
13.0
10.0
7.00
8.00
10.0
11.0
8.00
11.0
6.00
7.00
9.00
10.0
9.00
9.00
8.00
10.0
6.00
9.00
11.0
8.00
9.00
14.9
12.0
12.0
10.0
6.00
8.00
11.0
8.00
12.0
10.0
10.0
11.0
10.0
8.00
8.00
9.00
10.0
14.0
12.0
9.00
8.00
7.00
9.00
11.0
8.00
9.00
10.0
11.0
10.0
10.0
10.0
11.0
10.0
6.00
11.0
7.00
13.0
11.0
13.0
10.0
7.00
9.00
9.00
13.0
8.00
11.0
8.00
12.0
12.0
8.00
10.0
6.00
9.00
9.00
