8.44
7.93
7.24
9.27
8.17
8.92
8.06
8.51
7.66
9.09
7.92
8.65
9.76
11.5
5.99
11.8
11.0
7.99
7.99
7.97
9.96
4.99
7.01
10.0
7.01
9.00
8.00
5.99
9.00
11.0
9.69
7.79
9.80
9.34
8.28
9.57
7.97
7.43
7.96
8.00
7.94
7.00
8.00
11.8
9.85
13.5
7.00
7.99
8.95
8.97
9.98
8.00
7.96
11.0
10.0
10.0
11.0
7.97
6.98
9.44
9.37
7.98
10.4
7.00
8.96
7.92
9.96
7.85
7.43
7.88
7.30
8.03
8.51
8.07
4.98
8.01
6.99
8.80
8.79
7.99
7.93
7.64
7.91
6.96
6.93
7.87
8.60
7.95
9.58
8.60
9.00
9.56
9.46
8.95
9.83
7.99
10.0
9.84
8.99
8.94
9.46
8.99
7.99
7.99
9.33
9.16
7.95
7.95
10.0
8.12
11.0
11.8
11.0
8.00
7.00
10.0
7.94
13.8
8.96
8.99
9.00
9.99
7.99
8.99
14.0
9.41
10.8
8.52
7.96
8.74
7.66
4.00
8.00
7.00
13.0
10.0
10.0
12.0
12.0
8.99
8.15
8.23
7.63
9.43
10.0
7.96
7.99
10.5
8.47
10.0
10.0
12.0
8.99
7.85
8.19
7.95
8.79
6.95
5.99
8.99
9.87
7.00
8.06
8.00
14.0
10.0
12.1
10.0
6.03
11.0
9.00
12.0
11.0
9.00
6.00
11.0
12.1
11.0
8.00
11.0
