10.0
7.03
8.28
10.0
8.32
9.00
8.00
10.0
7.00
12.0
8.00
8.00
5.54
9.66
8.00
3.73
6.00
8.00
10.0
2.00
6.00
5.00
9.00
9.78
8.00
8.00
12.0
7.00
8.00
5.00
9.00
7.00
9.00
9.00
4.00
6.00
8.00
10.0
9.00
9.00
9.00
9.00
11.0
8.00
7.00
6.00
11.0
8.00
9.00
9.00
8.00
10.0
9.00
10.0
11.0
5.00
8.00
6.00
6.00
9.00
13.0
9.00
8.00
10.0
9.00
11.0
4.00
12.0
8.00
5.00
10.0
11.0
6.00
10.0
9.00
12.0
7.00
11.0
14.0
8.00
8.00
8.00
11.0
11.0
12.0
8.00
10.0
9.00
7.00
9.00
9.00
6.00
10.0
10.0
7.00
7.00
9.00
7.00
10.0
10.0
10.0
7.00
8.00
8.00
11.0
5.00
7.00
12.0
9.00
9.00
8.00
8.00
8.00
7.00
8.00
8.00
8.00
11.0
9.00
10.0
8.00
10.0
9.00
8.00
9.00
6.00
8.00
9.00
11.0
4.00
12.0
10.0
11.0
11.0
6.00
7.00
10.0
10.0
10.0
8.00
11.0
10.0
9.00
11.0
8.00
5.00
5.00
12.0
8.00
12.0
7.00
9.00
8.00
12.0
6.00
11.0
12.0
8.00
9.00
7.00
6.00
9.00
9.00
11.0
6.00
9.00
10.0
8.00
7.00
7.00
7.00
7.00
9.00
9.00
10.0
9.00
7.00
8.00
12.0
8.00
