8.00
6.37
9.00
10.0
9.00
9.00
8.60
10.0
6.36
8.00
9.00
12.0
12.0
8.00
10.0
7.00
8.00
9.00
8.00
10.0
7.00
9.00
4.70
11.0
7.73
8.00
7.90
11.9
8.00
8.98
5.00
8.00
13.0
9.00
7.00
10.0
8.00
7.00
8.00
10.0
9.00
12.0
5.00
7.00
8.00
9.00
7.00
8.00
10.0
4.00
8.00
10.0
9.00
8.00
9.00
9.00
6.00
10.0
12.0
10.0
7.00
10.0
7.00
7.00
10.0
8.00
10.0
11.0
6.00
9.00
8.00
10.0
8.00
12.0
8.00
11.0
8.00
3.00
9.00
9.00
9.00
9.00
9.00
12.0
10.0
6.00
5.00
8.00
7.00
11.0
7.00
11.0
10.0
11.0
8.00
9.00
9.00
8.00
10.0
6.00
3.00
10.0
8.00
10.0
6.00
7.00
10.0
7.00
7.00
8.00
11.0
10.0
10.0
7.00
8.00
7.00
11.0
11.0
6.00
9.00
10.0
6.00
7.00
12.0
8.00
11.0
11.0
11.0
7.00
8.00
8.00
10.0
8.00
5.00
10.0
7.00
13.0
11.0
8.00
9.90
10.0
12.0
7.00
10.0
9.00
9.00
6.00
6.00
4.00
9.00
10.0
6.00
9.00
13.0
9.00
4.00
8.00
8.00
8.00
7.00
10.0
8.00
6.00
12.0
9.00
11.0
8.00
6.00
11.0
4.00
9.00
8.00
9.00
10.0
14.0
7.00
10.0
10.0
8.00
11.0
