2.98
6.67
6.78
8.06
4.98
6.51
5.94
6.79
8.24
9.27
8.16
8.78
6.79
8.38
10.3
5.94
7.22
8.74
7.37
8.16
9.93
6.93
7.44
7.81
6.60
7.99
9.01
9.04
7.65
6.99
10.6
8.93
6.93
6.96
7.38
5.93
7.65
7.00
3.98
9.49
7.62
6.97
7.99
7.99
7.47
10.1
5.99
7.32
7.87
8.36
7.06
9.65
8.62
7.77
6.93
6.99
8.00
6.97
6.96
6.96
10.1
7.24
8.16
8.19
5.94
8.29
7.99
7.58
5.95
7.82
6.48
7.01
9.10
7.45
4.99
7.30
7.34
8.01
9.00
8.44
5.99
8.99
5.97
6.97
5.95
8.72
8.31
7.96
8.92
7.92
12.0
7.95
7.92
7.97
7.95
7.99
9.91
11.1
7.94
8.99
6.99
7.00
8.00
8.16
9.91
3.99
10.9
8.25
7.99
7.99
5.99
9.99
7.99
9.00
9.00
13.9
11.0
9.99
7.99
8.00
10.0
7.00
10.0
7.00
7.00
7.00
8.00
10.0
9.05
8.06
9.00
12.0
8.00
9.99
8.99
7.00
7.00
8.01
6.00
8.00
7.01
8.01
8.01
6.01
11.0
6.00
10.1
10.1
9.07
6.07
11.0
8.00
8.01
7.02
9.01
5.01
6.00
8.00
9.00
7.00
7.00
11.0
8.00
10.0
4.00
10.0
9.00
6.00
9.00
8.01
8.00
4.00
10.0
12.0
9.00
7.00
8.00
10.0
8.00
11.0
