7.36
7.01
10.0
7.23
6.32
6.80
3.96
6.54
10.5
6.62
9.72
8.81
10.7
6.85
5.99
6.45
7.85
8.05
10.3
6.63
6.93
7.43
7.34
3.99
6.84
7.68
5.94
8.99
9.10
9.81
6.96
6.36
9.96
7.24
7.68
5.97
9.41
6.99
7.99
8.36
8.13
8.88
7.96
5.99
8.43
8.39
8.54
7.95
7.53
8.35
6.94
9.00
8.05
8.45
5.95
6.92
8.00
7.03
8.17
5.97
8.89
7.26
7.45
7.99
6.99
6.99
9.99
8.01
7.46
6.98
6.54
7.69
7.94
7.92
6.93
8.56
7.04
7.97
8.25
8.81
4.99
8.26
5.99
9.43
5.97
8.75
8.33
7.62
8.16
7.97
8.00
8.87
7.99
6.97
8.53
9.21
7.99
4.97
6.94
9.17
7.95
11.0
9.25
5.96
4.00
5.98
8.92
8.24
8.99
9.44
6.98
8.99
7.95
7.00
8.00
14.0
5.01
7.01
10.0
10.0
7.00
9.00
11.0
8.01
6.01
11.0
9.00
8.00
12.0
6.98
4.98
11.0
8.00
7.00
8.01
9.00
6.99
8.99
9.00
9.00
8.01
4.00
7.92
7.99
10.0
7.00
11.0
6.96
8.57
8.21
9.00
6.00
5.99
9.66
6.99
8.99
6.00
4.00
10.0
6.99
8.99
4.98
11.0
9.31
11.0
8.00
10.0
8.00
6.00
8.99
8.00
8.00
7.00
10.0
11.0
8.00
9.00
11.6
9.60
5.00
