6.76
9.00
8.00
8.71
7.00
8.00
11.6
9.74
8.00
7.00
10.0
10.0
10.7
10.0
11.0
8.45
6.00
4.00
8.00
12.0
11.0
11.6
14.0
13.0
10.0
7.00
8.95
7.00
7.00
8.00
7.00
7.00
10.0
12.0
9.00
6.00
8.00
10.0
12.0
10.0
9.00
10.0
9.00
9.00
10.0
9.00
7.00
8.00
12.0
9.00
9.00
12.0
10.0
13.0
11.0
10.0
11.0
10.0
9.00
9.00
13.0
11.0
13.0
9.00
10.0
12.0
8.00
10.0
10.0
6.00
12.0
9.00
10.0
11.0
10.0
13.0
7.00
12.0
12.0
6.00
13.0
10.0
8.00
8.00
9.00
10.0
12.0
10.0
6.00
7.00
10.0
8.00
10.0
10.0
7.00
8.00
12.0
11.0
7.00
8.00
11.0
11.0
11.0
10.0
8.00
7.00
10.0
5.00
10.0
7.00
11.0
8.00
10.0
8.00
8.00
8.00
10.0
12.0
9.00
7.00
6.00
10.0
7.00
9.00
12.0
14.0
11.0
6.00
9.00
8.00
9.00
8.00
8.00
13.0
10.0
8.00
11.0
11.0
9.00
6.00
11.0
7.00
11.0
12.0
14.0
12.0
4.00
8.00
12.0
7.00
7.00
13.0
11.0
11.0
10.0
5.00
9.00
11.0
9.00
11.0
7.00
10.0
9.00
11.0
10.0
9.00
10.0
10.0
10.0
11.0
12.0
11.0
8.00
7.00
12.0
10.0
9.00
11.0
12.0
7.00
