6.76
5.96
5.99
9.00
11.7
12.0
9.99
7.00
7.00
9.00
9.99
11.0
8.00
9.00
8.00
10.0
5.00
6.00
7.99
8.00
13.0
8.00
11.0
8.00
5.00
13.0
11.0
4.99
9.00
9.99
8.00
11.0
9.00
5.99
12.0
8.00
7.99
13.0
5.99
5.99
11.0
7.99
6.99
5.00
7.99
6.99
8.87
11.0
11.0
8.06
9.01
12.1
11.1
11.0
11.0
8.58
8.96
6.97
10.7
11.0
9.95
8.95
7.95
8.96
5.97
9.99
8.31
8.13
8.98
9.00
12.1
8.00
10.0
7.00
9.76
9.00
7.00
8.00
8.36
7.00
8.91
6.99
8.96
9.00
7.91
8.97
8.04
8.90
9.41
9.00
7.96
10.4
12.0
7.00
7.00
7.00
9.00
9.00
7.00
11.0
9.00
9.00
9.00
10.0
10.0
9.00
8.00
11.0
10.0
9.00
10.0
8.00
12.0
5.00
10.0
9.00
9.00
11.0
11.0
8.00
12.0
8.99
5.99
7.00
13.0
5.00
11.0
9.00
9.00
5.00
9.00
11.0
9.00
12.0
9.99
9.00
6.00
13.0
8.00
11.0
8.00
11.0
9.99
9.99
10.9
4.99
5.99
7.99
9.97
10.0
11.0
12.0
11.0
7.00
8.00
11.0
9.00
9.00
8.00
11.0
7.00
12.0
8.00
9.00
8.00
10.0
5.00
14.0
9.00
9.00
13.0
10.0
7.00
9.00
8.00
11.0
9.00
10.0
4.99
13.0
