11.0
6.93
6.00
8.60
6.00
9.00
12.0
8.00
8.00
8.00
5.00
9.00
9.27
7.00
12.0
9.63
11.9
10.0
12.0
7.00
9.00
7.00
6.00
6.00
7.00
10.0
6.44
7.00
9.00
9.00
7.00
6.98
7.00
8.90
7.00
7.26
7.00
7.04
7.00
6.00
5.00
8.00
11.2
6.60
7.00
7.56
11.0
7.68
8.00
7.00
10.0
7.00
3.00
10.0
6.00
8.00
6.00
9.95
7.86
9.90
11.0
9.00
9.00
8.00
8.00
10.0
9.00
7.00
9.00
9.00
6.91
8.62
8.00
9.00
8.00
10.0
9.00
7.00
8.00
4.00
7.00
12.0
5.00
10.0
9.00
12.0
9.00
7.00
8.00
11.0
11.0
8.00
6.00
10.0
6.99
9.00
10.0
9.00
10.0
7.00
11.0
7.00
9.00
6.00
9.00
9.00
9.00
7.00
8.00
8.00
9.00
4.00
10.0
7.00
8.00
10.0
8.00
12.0
8.00
13.0
12.0
9.00
6.00
10.0
8.00
7.00
7.00
6.00
8.00
9.00
7.00
10.0
11.0
5.00
8.00
10.0
11.0
9.00
8.00
10.0
9.00
10.0
11.0
10.0
8.00
7.00
9.00
9.00
6.00
7.00
9.00
8.00
8.00
11.0
5.00
10.0
7.00
6.00
10.0
7.00
7.00
9.00
9.00
11.0
10.0
9.00
7.00
7.00
10.0
8.00
6.00
7.00
8.00
7.00
8.00
7.00
11.0
10.0
9.00
7.00
