8.00
7.00
6.00
6.00
4.00
12.0
10.2
11.0
10.1
10.0
14.0
8.00
9.08
8.00
9.31
8.00
11.0
11.0
10.5
7.00
8.45
13.0
8.00
9.00
8.00
3.00
10.0
11.0
10.0
9.00
10.0
10.0
8.00
7.00
8.00
11.3
14.0
9.75
10.0
8.00
12.4
7.00
9.00
9.00
9.00
9.00
7.00
12.0
9.00
11.9
14.0
12.0
11.0
9.00
9.00
13.0
7.00
7.00
9.00
9.00
8.00
11.1
8.00
12.0
7.00
10.0
12.0
10.0
9.00
8.00
12.0
13.2
12.0
6.64
10.0
5.00
8.00
11.0
7.00
11.0
7.00
12.0
10.0
10.0
9.00
10.0
12.0
10.0
7.00
10.0
9.00
10.7
12.0
5.00
10.0
13.0
11.0
10.0
8.00
7.00
10.0
5.00
7.00
15.0
9.00
11.0
9.00
8.00
12.0
13.0
9.00
7.00
7.00
8.00
9.00
10.0
10.0
7.00
11.0
11.0
5.00
9.00
9.00
12.0
6.00
11.0
7.00
11.0
10.0
6.00
13.0
10.0
11.0
11.0
6.00
10.0
10.0
8.00
9.00
4.00
9.00
10.0
7.00
9.00
8.00
12.0
12.0
10.0
8.00
14.0
12.0
9.00
11.0
11.0
10.0
9.00
9.00
12.0
8.00
8.00
9.00
6.00
8.00
11.0
10.0
11.0
8.00
12.0
9.00
11.0
10.0
8.00
13.0
9.00
11.0
8.00
11.0
9.00
9.00
8.00
