6.15
6.44
6.39
6.55
8.00
7.00
11.0
11.0
9.00
7.00
8.03
9.01
8.00
8.00
13.0
12.0
10.0
10.0
13.0
11.0
11.0
4.00
10.0
8.00
9.00
9.00
8.00
11.0
6.00
10.0
10.0
6.00
10.1
11.1
9.01
8.00
8.97
4.98
7.98
8.98
11.1
11.0
11.0
11.0
7.97
8.18
9.75
8.87
7.99
8.03
8.19
5.95
8.13
7.00
8.99
9.00
9.80
8.58
9.86
11.0
7.96
8.03
8.60
7.08
9.19
7.00
7.20
4.97
7.03
7.97
8.99
7.99
6.99
11.0
8.99
8.99
8.43
11.0
9.00
8.00
9.02
13.0
8.00
9.00
13.9
7.99
9.24
8.88
6.97
6.98
8.93
9.35
5.99
5.00
4.00
7.00
9.00
12.0
9.00
8.00
10.0
13.0
7.00
12.0
10.0
12.0
9.00
6.00
9.00
9.00
10.0
10.0
7.03
7.00
8.00
10.0
4.00
8.00
13.0
8.00
10.0
11.0
12.0
12.0
10.0
9.00
11.0
9.00
8.00
10.0
10.0
9.00
12.0
10.0
11.0
10.0
10.0
7.00
7.00
8.00
13.0
12.3
8.00
11.0
6.00
11.0
6.00
9.00
6.00
9.00
12.0
10.9
13.0
6.00
9.00
10.0
8.00
14.0
8.00
8.00
7.00
10.0
8.00
12.0
13.0
10.0
10.0
9.00
7.00
10.0
9.84
10.0
7.00
13.0
13.0
11.0
8.00
10.0
13.0
9.00
