6.56
7.00
6.44
7.97
9.01
9.01
11.0
8.00
9.01
6.01
12.0
8.00
9.00
9.00
5.00
9.98
10.0
9.00
8.00
11.0
10.0
6.00
9.00
8.00
10.0
12.0
10.0
12.0
12.0
8.97
7.00
7.00
9.21
8.27
5.00
11.0
7.98
10.4
8.73
9.37
7.93
9.00
11.0
9.00
8.00
9.90
8.97
11.0
4.00
8.44
7.99
8.68
8.33
9.59
6.96
8.92
7.95
8.47
9.99
9.96
9.64
8.80
8.94
7.26
7.85
11.0
6.85
8.59
8.75
7.94
6.94
9.89
9.98
7.93
9.24
9.47
7.95
9.00
10.7
10.0
9.03
8.95
10.6
10.0
9.52
6.97
8.50
8.85
9.49
9.97
8.99
8.96
5.99
7.00
13.0
11.0
9.37
10.1
8.00
10.0
11.0
10.0
11.0
9.00
7.00
8.00
11.0
10.0
13.0
10.0
9.00
11.0
10.0
9.00
10.0
7.00
8.00
11.0
8.00
11.0
12.1
8.01
12.0
6.00
9.00
9.00
12.0
8.00
10.0
11.0
12.0
15.0
8.00
8.00
15.0
8.00
9.00
7.00
7.00
9.00
10.0
9.05
9.00
10.0
7.00
10.0
11.0
12.0
13.0
9.00
11.0
8.00
8.00
8.00
9.00
9.00
11.0
7.04
9.00
10.0
9.00
11.0
8.00
9.01
7.00
12.0
15.0
11.0
12.0
11.0
11.0
8.00
9.00
8.00
13.0
11.0
10.0
11.0
15.0
11.0
