10.5
6.70
5.00
7.73
10.1
9.44
7.36
8.08
8.09
7.25
7.70
8.65
9.98
7.00
8.95
9.55
10.4
9.74
8.64
9.18
6.00
7.34
7.82
8.00
10.0
9.01
8.29
10.9
8.00
7.98
10.0
5.00
11.0
14.0
8.00
7.49
8.00
10.5
9.45
9.00
11.0
6.95
7.00
7.90
9.64
9.99
11.6
11.6
9.00
7.97
8.00
12.0
13.0
9.00
10.7
7.89
11.4
6.96
6.98
5.00
9.65
6.36
11.9
5.77
6.88
8.59
12.2
9.00
11.0
12.0
9.96
10.0
8.00
8.00
10.0
9.00
10.0
8.00
9.00
15.0
9.00
12.0
10.0
9.00
7.00
12.0
13.0
10.0
10.0
10.0
8.00
9.00
12.5
10.0
8.00
7.00
10.0
9.00
7.00
8.00
10.0
10.0
6.00
8.00
11.0
11.0
13.0
8.00
11.0
8.00
12.0
11.0
8.00
9.00
14.0
10.0
10.0
12.0
7.00
7.99
8.00
11.0
7.00
10.0
11.0
9.00
8.00
9.00
12.0
12.0
12.0
6.00
11.0
12.0
8.00
6.00
6.00
9.00
8.00
10.0
7.00
8.00
11.0
9.00
8.00
7.00
9.00
8.00
8.00
11.0
6.00
13.0
8.00
12.0
11.0
10.0
13.0
10.0
6.00
9.00
12.0
12.0
11.0
10.0
9.00
10.0
10.0
11.0
10.0
9.00
11.0
12.0
9.00
8.00
7.00
11.0
11.0
11.0
10.0
8.00
