11.1
5.07
12.1
11.1
7.06
7.05
11.1
12.0
8.00
5.00
12.1
9.00
6.00
9.00
13.0
13.0
9.00
13.0
11.1
10.0
10.0
9.00
7.00
8.00
11.0
7.00
9.00
10.0
10.0
9.01
6.00
10.0
8.00
10.1
9.08
10.1
9.09
11.1
8.03
5.03
13.1
8.06
8.06
13.1
7.05
12.1
13.1
4.00
11.0
10.0
9.00
9.00
8.00
9.00
10.0
8.01
9.01
8.01
8.01
11.0
10.0
8.06
8.03
9.03
11.0
10.0
11.0
7.01
8.00
8.00
7.00
10.0
11.0
7.00
9.00
9.00
13.0
7.00
8.00
11.0
9.01
7.03
9.01
10.0
9.00
10.0
12.0
15.0
10.0
7.02
9.04
10.0
8.01
8.00
10.0
17.0
9.00
7.00
11.0
9.00
9.00
7.00
11.0
8.00
11.0
9.00
11.0
9.00
7.00
8.00
8.00
5.00
9.00
7.00
10.0
9.00
8.00
9.00
10.1
9.00
11.1
10.1
12.0
11.0
13.1
7.00
13.0
8.00
10.0
10.0
10.0
11.0
12.0
12.0
11.0
13.0
5.00
8.00
10.0
8.00
11.0
11.1
8.03
11.0
10.0
9.00
6.00
9.00
11.0
11.0
7.03
9.05
9.03
9.00
10.0
11.0
10.0
7.04
12.0
7.03
10.0
7.02
9.00
8.00
8.05
12.0
9.04
12.0
5.02
7.03
10.1
8.00
11.0
9.00
10.0
9.00
9.00
15.0
13.0
8.00
