6.88
8.19
4.99
7.87
7.93
6.96
7.95
5.94
9.84
11.9
6.93
9.85
12.0
8.96
12.0
8.00
10.0
11.0
13.0
10.0
6.00
10.0
8.00
8.00
9.00
10.0
8.00
10.0
8.00
11.0
11.0
8.99
11.0
11.0
10.2
6.99
11.0
5.97
9.99
7.94
10.6
7.99
11.6
9.00
11.0
10.3
8.25
10.5
8.92
7.97
8.54
7.96
9.01
12.0
5.98
8.11
8.05
8.52
3.98
5.99
6.94
9.48
7.89
7.81
8.26
7.99
11.0
9.97
7.98
9.00
6.00
11.0
8.93
7.00
10.0
7.00
7.00
7.00
11.0
8.00
11.0
7.99
10.9
9.00
9.00
13.0
7.98
8.66
10.1
12.0
10.0
10.0
9.00
11.0
11.0
10.0
10.0
10.0
10.0
10.0
8.01
10.0
10.0
9.00
8.00
8.00
11.0
10.0
10.0
14.0
7.00
9.00
5.00
9.00
10.0
11.0
7.00
9.01
9.01
10.0
7.01
9.01
9.01
9.00
9.01
9.00
14.0
12.0
10.0
11.0
11.0
7.00
9.00
8.00
12.0
10.0
13.0
8.00
12.0
10.0
11.0
9.01
7.00
12.0
10.0
11.0
11.0
10.0
14.0
9.00
11.0
9.01
6.00
10.0
6.00
8.00
8.00
11.0
7.00
9.01
7.00
9.01
11.0
7.01
12.0
13.0
9.01
8.00
9.01
9.01
10.0
9.01
7.00
8.00
10.0
7.00
11.0
13.0
11.0
10.0
