6.08
13.1
10.1
5.02
11.3
8.00
10.1
7.07
8.01
8.04
8.01
6.02
8.01
8.04
12.0
10.0
10.0
7.00
11.0
8.00
8.00
7.00
7.00
5.00
9.00
5.00
7.00
8.99
9.98
6.99
10.0
4.00
10.4
5.99
9.45
5.99
8.99
6.99
6.99
8.95
5.99
6.95
6.99
7.99
4.98
8.76
8.83
8.45
1.99
6.96
7.76
6.96
7.96
5.98
4.95
7.43
6.95
6.00
9.97
8.00
7.85
5.93
7.68
7.72
6.99
9.99
7.42
7.92
8.20
7.97
6.98
8.99
8.97
7.98
5.94
9.09
5.99
12.0
2.98
9.85
8.95
8.96
9.99
9.99
6.99
6.95
8.92
7.95
6.96
7.99
9.15
8.14
7.99
11.0
6.00
8.00
9.00
11.0
6.00
5.00
10.0
8.00
7.00
5.00
9.00
7.00
9.00
10.0
6.00
9.00
8.00
12.0
9.00
8.00
7.00
11.0
6.00
8.83
7.96
10.0
8.95
9.35
9.58
4.00
9.49
9.00
10.0
7.00
10.0
10.0
7.00
12.0
6.00
7.00
12.0
8.00
9.00
6.00
9.99
6.00
10.0
6.99
8.99
8.00
5.99
12.0
7.99
9.99
9.99
6.00
8.99
8.99
9.90
9.00
7.99
8.00
9.97
9.45
12.0
8.72
9.99
12.0
8.99
9.99
3.98
10.0
6.99
11.0
4.99
9.99
5.99
15.0
7.00
9.00
7.99
7.98
9.00
8.99
6.99
8.00
