4.93
5.96
3.96
5.94
7.12
9.76
8.36
6.99
6.99
8.98
3.95
8.95
4.99
8.91
9.00
9.00
11.0
9.00
9.00
9.00
7.00
10.0
10.0
5.00
10.0
7.00
8.00
7.00
8.00
5.01
11.0
5.00
5.00
7.04
7.06
8.04
6.00
10.0
8.01
11.0
10.1
10.0
10.0
12.0
6.01
7.01
8.06
9.06
7.00
9.01
6.05
7.05
9.01
11.0
9.00
10.0
7.01
10.0
10.1
7.07
8.00
11.1
7.01
5.05
13.1
8.07
11.0
8.07
10.1
7.01
9.01
10.0
7.00
9.01
7.01
8.01
10.1
10.0
12.0
8.00
6.00
9.04
6.01
6.01
10.0
7.01
11.0
14.0
9.03
10.0
6.00
10.0
12.0
8.00
6.00
11.0
8.00
8.00
8.00
9.00
9.00
7.00
14.0
7.00
8.00
8.00
7.00
7.00
6.00
7.00
9.00
8.00
7.00
11.0
8.00
9.00
9.00
5.00
6.01
6.01
9.00
9.01
7.01
7.01
5.00
9.01
8.00
5.00
8.00
9.00
7.00
12.0
9.00
7.00
5.00
11.0
10.0
10.0
12.0
9.00
7.00
6.01
8.01
10.0
8.00
9.01
9.01
7.01
8.01
8.01
10.0
8.01
8.01
11.0
4.00
5.00
13.0
8.00
7.04
9.00
10.0
6.00
13.0
11.0
7.00
14.0
10.0
10.0
8.00
8.00
4.00
5.99
5.00
10.0
9.00
7.00
9.00
7.00
10.0
8.00
