10.7
10.0
10.0
10.0
9.00
7.00
8.33
10.6
9.00
7.99
8.00
7.73
9.22
10.0
11.8
8.78
6.00
7.00
9.00
10.8
9.80
6.93
10.0
12.1
9.36
10.7
10.3
9.79
9.00
9.98
8.89
8.00
11.0
4.00
6.00
11.0
4.00
11.1
5.00
9.00
10.6
9.00
7.92
8.58
10.0
10.0
12.0
7.00
9.00
12.0
7.00
11.0
10.0
13.0
5.00
10.0
14.0
7.94
10.0
8.89
10.0
9.00
7.00
13.0
13.0
10.0
7.39
9.00
11.5
7.00
10.0
9.00
7.00
15.9
10.0
9.00
9.00
11.0
7.00
11.0
13.0
9.00
9.00
7.00
8.00
11.0
10.9
10.0
9.00
6.00
7.00
10.0
12.0
10.0
11.0
9.00
11.0
7.00
10.0
11.0
10.0
11.0
13.0
6.00
12.0
12.0
6.00
9.00
8.00
11.0
8.00
12.0
7.00
10.0
10.0
9.00
11.0
10.0
8.00
8.00
13.0
7.00
10.0
10.0
7.00
11.0
12.0
8.00
11.0
8.00
10.0
12.0
10.0
8.00
10.0
7.00
7.00
9.00
10.0
7.00
10.0
8.00
9.00
15.0
7.00
10.0
9.00
7.00
10.0
9.00
10.0
11.0
8.00
9.00
7.00
12.0
12.0
13.0
9.00
8.00
12.0
9.00
10.0
9.00
9.00
11.0
10.0
10.0
6.00
8.00
10.0
10.0
8.00
11.0
8.00
10.0
10.0
9.00
7.00
11.0
