8.99
11.0
8.01
8.01
11.0
8.00
9.00
12.0
8.00
9.00
7.99
5.00
8.00
7.00
4.99
9.00
8.00
7.00
7.99
12.0
9.00
8.00
8.00
8.00
10.0
8.00
7.00
6.99
9.99
6.98
8.00
11.0
9.99
9.99
9.99
6.99
6.99
5.99
11.0
8.99
6.99
8.99
6.99
8.99
7.99
8.99
8.99
8.99
6.99
12.0
9.99
12.0
8.99
8.99
7.99
8.99
6.99
6.00
6.00
8.01
12.0
10.0
11.0
7.00
6.01
9.01
6.00
10.0
10.0
7.01
5.01
11.0
5.00
10.0
9.01
7.01
12.0
10.0
9.00
7.01
10.0
9.01
10.0
9.01
10.0
13.0
6.01
9.01
10.0
11.0
8.00
11.0
9.01
6.00
12.0
10.0
12.0
9.00
13.0
11.0
8.00
10.0
9.00
8.00
10.0
11.0
10.0
9.00
9.00
11.0
11.0
9.00
8.00
10.0
7.00
10.0
7.00
6.00
6.00
10.0
10.0
9.01
6.01
4.00
9.00
6.01
9.00
7.00
7.00
9.00
7.00
9.00
11.0
7.00
9.99
5.99
7.99
10.0
5.00
5.00
4.00
11.0
8.99
7.00
7.99
8.99
13.0
11.0
11.0
7.00
8.99
14.0
7.99
13.0
13.0
13.0
7.00
11.0
11.0
8.00
8.00
10.0
10.0
10.0
9.99
5.00
5.99
7.00
13.0
8.99
11.0
8.99
9.00
11.0
11.0
10.0
10.0
9.00
5.00
6.00
