6.47
7.43
9.00
7.19
7.70
6.69
9.61
6.61
10.4
9.83
8.57
9.60
8.99
8.00
5.68
8.91
7.44
7.19
5.64
9.05
8.00
8.41
6.80
8.00
7.00
6.35
7.70
7.00
8.00
10.0
8.00
8.00
9.97
6.00
7.00
7.57
6.00
7.92
11.7
10.0
9.00
8.00
7.00
8.00
10.6
6.34
8.61
7.36
9.00
12.9
8.00
9.00
14.0
7.00
8.97
7.64
9.50
8.96
6.79
8.00
10.0
6.54
8.20
9.19
10.2
7.58
7.86
6.00
7.89
8.00
6.90
9.91
3.00
7.84
6.78
9.98
7.00
11.0
9.00
11.9
9.00
10.0
6.00
10.0
9.00
12.0
9.82
3.00
5.00
4.00
9.00
9.00
8.32
8.00
11.0
9.00
11.0
6.00
7.00
9.00
6.00
8.00
10.0
9.00
12.0
7.00
9.00
3.00
7.00
9.00
5.00
9.00
5.00
8.00
9.00
10.0
5.00
8.00
8.00
9.00
6.00
7.00
8.00
7.00
13.0
12.0
7.00
12.0
10.0
9.00
7.00
9.00
11.0
8.00
7.00
9.00
10.0
9.00
6.00
7.00
10.0
10.0
10.0
12.0
13.0
12.0
6.00
7.00
10.0
8.00
13.0
12.0
6.00
8.00
9.00
7.00
9.00
9.00
8.00
5.00
8.00
6.00
11.0
7.00
10.0
8.00
13.0
8.00
7.00
5.00
10.0
9.00
7.00
10.0
5.00
10.0
9.00
6.00
9.00
9.00
