5.78
8.00
8.00
9.00
11.0
7.00
9.18
9.56
9.00
12.6
11.0
8.57
9.48
8.00
7.53
8.22
5.00
10.0
7.00
11.8
9.64
11.9
10.0
8.76
8.56
12.5
9.80
7.32
12.0
6.99
9.85
13.0
6.00
8.00
11.0
10.0
9.00
9.36
7.00
7.00
8.52
7.00
9.38
9.57
9.00
11.0
9.00
11.0
12.0
10.0
12.0
11.0
11.0
11.0
8.00
10.0
5.00
8.94
8.00
9.95
9.00
8.00
8.00
10.9
9.00
11.0
9.44
8.00
8.52
7.00
10.0
10.0
6.00
8.96
10.0
7.00
10.0
9.00
9.00
9.00
11.0
10.0
10.0
9.00
7.00
10.0
12.8
8.00
7.00
14.0
10.0
8.00
7.00
9.00
10.0
8.00
12.0
13.0
9.00
8.00
8.00
10.0
5.00
6.00
12.0
10.0
12.0
9.00
9.00
9.00
12.0
7.00
7.00
4.00
8.00
9.00
10.0
6.00
12.0
9.00
8.00
8.00
8.00
9.00
12.0
9.00
11.0
8.00
8.00
11.0
9.00
11.0
9.00
11.0
13.0
9.00
11.0
12.0
10.0
12.0
8.00
10.0
12.0
8.00
13.0
10.0
11.0
9.00
11.0
10.0
5.00
8.00
13.0
15.0
7.00
7.00
9.00
8.00
7.00
9.00
8.00
8.00
8.00
9.00
7.00
8.00
8.00
10.0
11.0
10.0
8.00
13.0
11.0
11.0
8.00
14.0
11.0
8.00
10.0
8.00
