6.11
6.08
7.65
8.05
10.1
10.0
10.0
10.0
11.0
7.00
9.01
9.01
8.00
12.0
9.00
11.0
8.00
8.00
12.0
10.0
8.00
11.0
12.0
8.00
9.00
10.0
10.0
8.98
5.98
9.64
8.00
9.00
7.97
9.07
7.90
12.0
13.0
11.0
10.0
12.0
8.28
8.97
8.00
10.3
7.98
8.01
8.25
8.98
11.0
7.55
8.63
8.93
9.67
6.95
8.84
8.38
5.95
8.99
5.99
6.94
9.30
8.91
7.74
8.96
6.98
12.0
6.95
8.57
7.04
7.12
9.57
9.99
6.99
6.99
8.99
6.95
8.46
6.00
6.94
7.97
8.92
9.42
10.6
10.0
8.95
9.51
8.42
6.94
8.46
12.6
8.05
10.7
9.00
9.00
8.00
10.0
10.0
11.0
10.0
11.0
5.00
8.00
9.00
10.0
12.0
11.0
11.0
12.0
14.0
9.00
7.00
9.00
10.0
12.0
9.00
6.00
10.0
10.0
9.76
10.0
8.97
6.97
7.00
5.00
10.5
9.00
9.00
9.00
11.0
9.00
11.0
9.00
11.0
9.00
9.96
9.00
10.0
10.0
9.00
10.0
8.00
11.0
11.0
7.00
13.0
12.0
11.0
10.0
8.00
10.0
6.99
7.96
8.00
6.00
8.00
11.0
9.85
9.70
9.00
9.00
9.00
9.00
12.0
10.0
10.3
6.00
8.97
9.00
7.96
11.1
10.8
6.98
10.0
7.00
11.0
8.00
7.00
11.0
9.97
8.00
