6.93
6.52
6.82
4.98
6.55
8.21
6.98
9.23
8.99
7.96
7.86
8.97
13.0
6.97
9.00
4.99
9.00
7.00
7.98
6.00
11.0
6.00
10.0
11.0
6.00
8.00
9.00
8.99
9.99
9.99
7.00
8.00
7.99
6.99
7.99
8.99
8.99
5.99
6.99
6.99
4.99
7.99
7.99
3.99
7.93
5.94
5.95
8.16
7.98
6.93
8.25
5.95
6.93
5.99
7.67
5.98
7.18
8.30
5.00
7.99
7.84
4.96
6.95
7.15
7.28
7.99
6.93
7.07
7.99
5.00
8.00
9.00
7.99
8.99
9.66
6.96
7.93
11.0
8.99
11.3
6.97
5.99
3.00
6.00
6.99
12.8
10.0
4.96
9.36
6.96
8.92
8.94
9.77
9.00
10.0
6.00
8.00
6.99
8.00
5.00
10.0
7.00
10.0
7.00
9.00
9.00
4.00
6.00
6.00
10.3
6.99
9.99
8.99
10.0
6.00
6.00
9.00
7.99
6.99
12.0
9.62
8.53
9.57
8.00
10.9
8.00
8.98
9.00
11.5
9.99
7.99
7.99
10.0
7.00
10.5
11.5
7.98
10.0
8.00
7.00
9.00
6.97
7.00
10.0
6.00
7.00
8.00
6.00
7.00
7.00
5.00
11.0
7.00
4.00
12.0
10.0
9.00
11.0
9.00
11.0
13.0
4.00
7.00
10.0
9.00
9.00
8.00
8.01
9.00
11.0
8.00
13.0
8.01
10.0
8.00
8.00
11.0
8.00
9.00
9.00
