5.85
8.63
9.00
10.2
8.45
8.34
5.67
9.75
7.67
9.10
5.24
6.47
10.3
7.00
5.95
6.14
7.17
7.22
6.38
7.78
9.00
7.37
7.14
7.00
7.00
6.72
7.54
6.00
3.00
7.65
9.00
4.00
9.78
7.00
6.00
8.35
10.0
6.71
10.7
9.00
7.00
6.99
9.00
8.00
4.00
5.49
8.15
8.51
7.00
7.72
5.00
8.79
6.00
6.00
8.22
5.73
6.22
10.5
9.52
8.00
8.02
7.86
8.00
8.30
7.67
11.4
8.65
9.00
10.7
8.00
6.99
7.00
5.00
9.01
7.01
8.00
9.00
7.00
7.00
11.0
7.00
9.00
6.00
9.00
9.00
7.00
11.0
9.00
6.00
8.00
11.0
12.0
9.63
12.0
10.0
12.0
7.00
10.0
11.0
6.00
6.00
9.00
8.00
12.0
10.0
11.0
10.0
11.0
9.00
8.00
10.0
8.00
6.00
9.00
7.00
11.0
4.00
8.00
8.00
9.00
8.00
8.00
7.00
9.00
13.0
7.00
9.00
6.00
6.00
6.00
12.0
8.00
11.0
6.00
3.00
9.00
5.00
7.00
9.00
12.0
10.0
5.00
9.00
11.0
12.0
7.00
8.00
11.0
8.00
10.0
8.00
7.00
8.00
6.00
9.00
9.00
8.00
10.0
6.00
9.00
11.0
7.00
10.0
12.0
7.00
9.00
5.00
10.0
4.00
8.00
10.0
7.00
13.0
11.0
7.00
9.00
8.00
7.00
9.00
12.0
