8.81
6.00
11.3
8.08
9.00
9.25
9.30
10.5
9.48
9.00
5.77
10.9
7.76
10.6
10.0
10.9
9.74
7.00
9.88
8.75
12.0
7.08
13.9
6.82
9.14
8.00
5.90
4.59
11.0
5.00
4.00
11.4
9.00
7.68
11.0
7.00
9.00
11.0
9.91
11.0
10.0
5.98
7.98
7.22
11.6
8.00
9.00
8.63
11.0
10.0
6.00
12.0
11.0
9.00
11.0
8.53
12.0
9.00
10.0
7.85
8.00
13.8
5.00
11.0
10.0
9.51
13.0
8.00
12.0
7.00
10.0
8.00
10.0
8.00
9.00
11.0
10.0
9.00
13.0
10.0
9.00
11.0
12.0
14.0
9.00
14.0
8.00
10.0
10.0
14.0
11.0
7.00
11.0
10.0
9.00
9.00
11.0
11.0
6.00
7.00
10.0
13.0
11.0
13.0
7.00
9.00
10.0
9.00
12.0
11.0
10.0
12.0
11.0
11.0
7.00
10.0
11.0
6.00
8.00
8.00
8.00
10.0
9.00
9.00
8.00
11.0
11.0
10.0
12.0
7.00
10.0
9.00
12.0
12.0
14.0
6.00
8.00
10.0
12.0
9.00
10.0
9.00
14.0
10.0
12.0
11.0
10.0
9.00
9.00
10.0
8.00
6.00
13.0
7.00
7.00
8.00
10.0
8.00
6.00
12.0
7.00
9.00
8.00
6.00
8.00
8.00
7.00
9.00
10.0
7.00
11.0
11.0
8.00
11.0
11.0
11.0
11.0
10.0
6.00
7.00
