7.82
8.00
5.99
7.89
7.05
9.27
6.93
7.53
7.77
8.16
8.99
7.55
6.93
13.0
9.00
10.0
11.0
9.00
10.0
7.00
10.0
9.00
10.0
10.0
9.99
10.0
7.00
11.0
12.0
7.00
11.0
9.00
11.0
9.00
9.00
12.0
13.0
11.0
9.99
5.99
7.00
9.99
9.99
11.0
12.0
8.00
11.0
8.00
7.00
7.99
7.99
11.0
7.99
13.0
9.99
9.90
8.93
9.93
4.96
8.99
6.94
7.99
13.0
11.0
7.95
12.0
7.94
11.0
7.99
10.0
11.0
9.00
12.0
9.99
7.00
9.00
9.99
10.0
7.99
9.99
9.00
9.00
5.00
12.0
12.0
8.00
6.99
9.99
11.0
10.0
14.0
6.99
10.0
9.00
10.0
7.00
5.00
15.0
8.99
11.0
7.99
7.00
7.00
13.0
8.99
8.00
9.00
9.00
7.00
13.0
7.00
8.00
11.0
9.00
12.0
10.0
8.00
8.00
8.00
9.00
10.0
10.0
8.00
11.0
10.0
8.00
13.0
8.00
13.0
12.0
7.00
5.00
9.00
10.0
10.0
12.0
9.00
12.0
11.0
9.00
12.0
11.2
12.0
9.00
12.0
12.0
9.00
7.99
8.00
7.00
9.99
9.81
7.95
6.99
10.9
9.00
12.0
7.94
9.95
9.28
8.99
8.00
10.0
9.90
12.0
7.00
8.00
9.00
12.0
10.5
7.97
12.0
11.0
13.0
11.0
10.0
10.0
11.0
11.0
7.00
