6.37
6.01
7.52
9.77
7.98
7.83
8.34
10.0
8.55
8.30
9.03
9.35
12.0
11.0
12.0
9.00
7.00
6.00
10.0
7.00
9.00
11.0
13.0
10.0
11.0
9.87
9.93
7.96
10.7
6.00
8.99
12.0
11.0
7.00
12.0
10.0
11.9
9.99
10.9
5.99
6.94
13.0
8.33
8.92
9.00
8.00
8.93
11.0
8.00
10.0
8.01
8.99
6.93
11.0
8.94
8.00
8.00
10.0
11.0
12.0
10.0
7.97
6.00
11.0
11.1
10.0
11.0
6.01
9.01
10.1
11.2
10.0
7.99
7.00
7.00
13.0
11.0
9.99
6.00
12.0
9.00
10.0
10.0
11.0
12.0
8.00
10.0
14.0
8.00
12.0
10.0
10.0
11.0
10.0
12.0
11.0
8.00
9.00
12.0
10.0
12.0
10.0
10.0
12.0
15.0
11.0
10.0
9.00
10.0
8.00
7.00
8.00
9.01
9.00
10.0
8.00
10.0
10.0
5.00
11.0
9.00
7.00
9.00
11.0
8.00
8.00
5.99
7.99
11.0
9.00
9.00
9.00
6.00
11.0
11.0
6.00
9.00
9.00
7.99
8.99
11.0
7.99
9.00
9.00
8.99
9.99
12.0
11.0
11.0
8.00
6.99
5.99
6.99
8.99
10.0
10.0
11.0
8.00
12.0
9.00
9.01
12.0
11.0
9.01
14.0
9.00
10.0
11.0
11.0
11.0
8.01
9.01
9.01
10.0
10.0
7.00
10.0
7.01
12.0
10.0
