6.84
6.95
7.40
8.03
8.82
8.16
7.18
6.91
6.85
8.46
5.97
7.01
9.22
11.0
11.0
5.00
9.00
8.00
11.0
11.0
7.00
9.00
12.0
13.0
10.0
8.01
8.00
10.0
7.00
11.0
13.0
9.00
10.0
11.0
7.00
5.01
9.00
8.01
9.01
9.01
11.0
9.01
8.00
9.01
9.01
11.0
11.0
8.01
8.00
12.0
7.01
10.0
14.0
9.01
12.0
8.01
10.0
10.0
12.8
9.99
11.0
7.98
10.5
8.91
7.94
9.52
10.0
8.58
8.97
9.74
9.66
10.9
11.0
13.0
7.99
4.99
9.99
11.9
9.00
8.99
7.99
8.95
7.00
10.0
4.00
10.9
9.00
10.0
11.0
9.00
9.00
9.99
11.0
9.99
7.95
7.99
12.0
13.0
11.0
10.9
12.0
6.99
10.0
8.99
8.99
9.99
11.0
10.0
6.00
8.99
9.00
9.99
10.0
9.99
10.0
6.99
7.99
9.97
4.00
9.00
7.00
6.00
8.00
5.00
7.00
11.0
9.00
11.0
13.6
12.6
8.94
9.00
8.00
9.00
9.00
9.00
7.00
8.00
11.0
11.0
10.0
8.00
10.7
10.9
9.00
11.0
7.96
6.99
12.1
12.0
7.00
11.5
9.94
11.0
9.99
5.99
8.00
11.0
10.0
9.22
9.24
11.3
15.0
7.94
9.97
5.95
7.99
8.57
8.00
9.30
9.23
10.0
9.58
7.00
12.0
10.0
10.0
7.00
11.0
7.01
