5.71
10.0
7.06
10.1
9.06
7.01
8.01
11.0
9.05
7.01
9.04
6.01
7.00
9.00
10.0
6.00
4.00
11.0
5.00
9.00
11.0
5.00
7.00
9.00
5.95
10.9
4.99
9.98
7.20
10.0
10.6
6.97
5.93
8.00
5.00
8.00
9.00
8.00
9.00
11.0
10.0
9.00
8.64
7.36
7.81
8.44
6.80
9.00
5.97
7.15
4.96
5.94
8.25
7.00
6.56
6.95
4.98
6.15
5.97
10.0
7.99
5.87
4.97
5.95
4.96
11.0
6.68
7.00
8.00
7.09
6.07
11.0
7.90
6.53
9.00
10.0
10.0
11.0
9.00
10.0
8.01
7.00
7.00
7.00
8.01
10.0
10.0
10.0
9.00
10.0
9.01
10.0
9.00
7.00
6.00
8.00
7.00
5.00
13.0
10.0
7.00
7.00
8.00
8.00
8.04
6.01
9.07
6.00
11.0
7.00
11.0
8.00
6.00
12.0
9.00
9.00
8.00
10.0
11.0
8.00
10.0
9.00
8.00
10.0
11.0
8.00
7.00
11.0
7.99
9.63
6.00
9.00
8.00
9.00
12.0
7.00
7.00
7.00
8.00
8.99
8.00
7.00
9.08
9.00
7.00
9.55
10.4
6.96
10.0
7.00
9.00
6.00
7.81
8.57
9.00
10.0
8.00
8.01
7.95
8.76
4.96
8.00
9.00
7.99
9.00
9.00
5.95
8.00
8.53
6.85
7.00
6.83
7.57
7.00
6.99
5.00
7.94
8.64
8.32
6.00
