8.09
10.0
7.33
9.12
7.00
8.25
5.86
7.68
8.68
6.00
7.48
7.89
7.52
7.62
8.51
8.63
12.7
9.00
9.99
5.85
7.99
7.69
5.44
8.78
6.07
8.00
10.7
10.3
12.0
11.0
10.0
12.3
10.0
9.57
11.0
11.0
8.00
10.2
6.94
9.00
7.00
10.2
7.29
10.2
10.1
7.00
5.00
6.70
11.0
8.00
11.0
10.0
7.00
11.0
11.0
6.68
9.00
11.0
7.00
10.5
7.00
12.9
8.00
8.00
10.0
9.58
11.0
10.0
9.00
8.00
9.00
11.0
9.00
9.00
8.00
9.00
9.00
12.0
7.00
11.0
7.00
9.00
10.0
8.00
9.00
8.00
9.00
7.00
11.0
10.0
7.00
9.00
8.00
11.0
8.00
11.0
8.00
12.0
7.00
8.00
6.00
12.0
5.00
11.0
10.0
8.00
5.00
9.00
10.0
12.0
11.0
11.0
8.00
10.0
11.0
9.00
10.0
8.00
13.0
10.0
12.0
10.0
11.0
7.00
11.0
11.0
8.00
10.0
5.00
10.0
8.00
8.00
12.0
8.00
8.00
11.0
10.0
8.00
9.00
12.0
11.0
9.00
11.0
6.00
12.0
5.00
8.00
9.00
9.00
10.0
13.0
8.00
7.00
8.00
11.0
11.0
9.00
10.0
5.00
9.00
9.00
5.00
11.0
11.0
11.0
10.0
12.0
11.0
11.0
11.0
9.00
11.0
7.00
8.00
10.0
12.0
12.0
9.00
13.0
9.00
