6.30
9.00
9.00
10.0
9.00
8.00
11.0
10.4
8.00
6.00
8.00
9.00
15.1
13.5
10.0
8.77
9.67
10.0
9.00
7.00
9.65
13.0
13.0
9.00
13.6
9.48
10.0
13.0
11.2
8.00
13.0
9.87
6.71
7.58
10.0
6.00
10.0
9.00
9.00
10.0
5.00
9.66
7.00
11.0
10.0
11.0
6.00
15.0
7.00
12.0
11.0
8.00
10.0
9.00
10.0
14.0
8.00
10.0
13.0
12.0
10.0
7.00
11.0
10.0
6.00
11.0
7.00
11.0
10.0
9.00
10.0
11.0
7.00
9.00
10.0
11.0
6.00
6.00
10.0
6.00
7.00
11.0
9.00
10.0
8.00
11.0
9.00
12.0
12.0
13.0
6.00
6.00
9.00
13.0
11.0
9.00
8.00
10.0
11.0
12.0
10.0
11.0
9.00
6.00
12.0
7.00
10.0
12.0
12.0
11.0
9.00
5.00
9.00
12.0
8.00
9.00
8.00
11.0
14.0
8.00
8.00
10.0
13.0
9.00
8.00
9.00
8.00
10.0
5.00
11.0
9.00
11.0
10.0
9.00
8.00
15.0
10.0
13.0
10.0
13.0
12.0
8.00
12.0
10.0
12.0
10.0
10.0
9.00
9.00
10.0
9.00
10.0
11.0
9.00
6.00
8.00
9.00
10.0
12.0
11.0
11.0
9.00
10.0
14.0
12.0
13.0
7.00
16.0
11.0
10.0
11.0
9.00
9.00
7.00
11.0
9.00
13.0
9.00
10.0
8.00
