7.00
8.00
10.0
9.00
3.00
9.00
3.00
6.00
7.00
5.00
7.00
7.00
6.00
6.00
7.00
8.00
7.00
7.00
7.00
8.00
7.00
7.00
8.00
11.0
7.00
6.00
5.00
6.00
5.00
6.00
8.00
9.00
7.00
6.00
3.00
10.0
9.00
3.00
6.00
8.00
8.00
4.00
6.00
6.00
4.00
11.0
7.00
10.0
7.00
8.00
7.00
8.00
8.00
8.00
5.00
7.00
6.00
1.21
1.44
5.00
7.00
10.0
7.00
10.0
8.00
7.00
9.00
9.00
11.0
6.00
11.0
12.0
8.00
8.00
9.00
7.00
6.00
7.00
9.00
7.00
9.00
6.00
8.00
8.00
6.00
1.50
1.86
0.94
6.00
5.00
8.00
6.00
7.00
10.0
5.00
10.0
7.00
5.00
4.00
5.00
7.00
7.00
7.00
8.00
7.00
8.00
10.0
9.00
10.0
7.01
7.00
8.00
10.0
7.00
8.00
11.0
4.00
6.00
8.00
8.00
8.00
5.00
4.00
7.00
4.00
9.00
7.00
9.00
6.00
7.00
9.00
9.00
11.0
8.00
7.00
7.00
5.00
6.00
8.00
9.00
10.0
7.00
7.00
10.0
8.00
2.41
1.11
5.68
7.00
4.00
5.00
10.0
10.0
7.00
5.00
6.00
5.00
3.00
8.00
3.00
5.00
8.00
9.00
9.00
5.00
6.00
8.00
8.00
8.00
9.00
9.00
7.00
5.00
8.00
6.00
8.00
8.00
