8.96
9.17
9.15
6.98
11.5
6.99
11.0
5.99
10.0
8.99
6.99
8.99
10.0
11.0
12.0
5.00
7.00
8.00
10.0
8.00
6.00
9.00
10.0
10.0
13.0
5.99
9.00
8.99
9.99
12.0
7.99
5.99
9.99
6.99
4.99
5.00
7.99
9.99
11.0
5.99
8.99
9.00
12.0
8.99
6.99
7.99
7.99
12.0
7.00
8.99
6.99
8.99
9.99
12.0
12.0
9.99
8.99
7.99
9.99
7.99
8.99
9.99
9.99
9.99
9.99
10.0
6.99
6.99
11.0
11.0
9.99
11.0
9.00
9.99
8.99
9.00
9.99
8.00
8.00
8.00
11.0
8.00
7.00
8.00
7.99
11.0
14.0
12.0
8.00
9.00
8.99
11.0
9.00
6.00
10.0
6.00
8.00
9.00
8.99
7.00
7.00
11.0
8.00
7.00
6.99
6.99
12.0
10.0
13.9
11.0
4.00
9.00
11.0
7.00
12.0
9.99
5.99
9.00
8.00
11.0
9.00
7.00
10.0
12.0
6.01
10.0
9.00
9.00
7.00
10.0
10.0
9.00
9.00
11.0
7.01
11.0
10.0
8.00
14.0
11.0
7.00
6.01
13.0
8.00
11.0
12.0
9.01
9.00
10.0
6.00
10.0
11.0
14.0
11.0
9.00
11.0
9.00
9.01
11.0
9.00
11.0
10.0
8.00
8.01
8.00
8.00
12.0
9.00
11.0
11.0
11.0
11.0
12.0
8.00
8.00
10.0
10.0
12.0
12.0
13.0
