7.29
4.00
10.2
9.43
9.90
9.94
9.51
11.0
9.74
8.00
10.0
8.87
8.09
7.65
11.8
9.71
9.58
8.00
9.80
11.3
7.99
11.3
5.35
7.50
10.0
8.00
10.8
8.19
8.00
9.00
8.86
7.21
8.00
10.6
4.00
9.00
12.0
7.20
9.88
7.00
10.0
9.42
8.85
8.40
9.05
12.0
8.00
9.20
7.00
7.00
5.00
12.0
11.0
7.00
6.00
8.04
11.0
5.99
14.0
12.5
9.00
7.84
8.00
12.0
11.0
6.47
7.67
13.0
10.0
8.00
13.0
10.0
13.0
7.00
9.00
13.0
8.00
7.00
8.00
6.00
10.0
10.0
8.00
11.0
9.00
7.00
6.00
10.0
8.00
9.00
9.00
11.0
6.00
5.00
10.0
11.0
11.0
10.0
14.0
8.00
5.00
8.00
10.0
11.0
10.0
8.00
9.00
9.00
7.00
12.0
10.0
9.00
9.00
13.0
11.0
11.0
11.0
10.0
10.0
12.0
8.00
10.0
7.00
6.00
10.0
7.00
10.0
9.00
12.0
10.0
7.00
7.00
11.0
10.0
10.0
10.0
14.0
11.0
9.00
11.0
13.0
11.0
9.00
12.0
10.0
8.00
9.00
10.0
7.00
9.00
8.00
10.0
12.0
7.00
13.0
8.00
10.0
12.0
12.0
8.00
11.0
9.00
11.0
10.0
7.00
12.0
11.0
10.0
7.00
8.00
7.00
10.0
13.0
14.0
9.00
9.00
12.0
8.00
9.00
11.0
