7.92
4.98
7.68
7.71
8.45
9.33
7.02
7.22
6.93
8.03
5.94
7.17
9.71
10.0
11.0
10.0
6.00
11.0
10.0
9.00
6.00
10.0
7.00
7.00
9.00
11.0
10.0
8.00
9.00
12.0
7.00
13.0
11.0
14.0
12.0
10.0
10.0
11.0
13.0
11.0
10.0
11.0
9.00
9.01
12.0
9.00
9.00
12.6
14.0
7.00
11.0
9.99
8.94
12.1
11.0
8.99
6.99
9.99
9.97
9.57
7.00
6.99
11.0
12.0
9.01
10.0
7.00
9.73
9.00
9.99
8.97
6.99
9.00
5.99
6.97
9.99
8.99
8.99
11.0
12.0
7.99
12.0
11.0
6.00
9.00
12.0
9.00
10.0
9.99
8.00
9.00
10.9
8.99
8.99
13.0
9.99
7.00
8.00
11.0
9.96
6.96
7.99
8.00
7.99
9.93
11.0
11.2
10.6
8.00
10.8
9.95
11.0
7.99
8.93
10.0
8.00
9.00
6.98
11.0
9.00
12.0
11.0
9.00
11.0
11.0
11.0
10.0
8.00
14.0
11.0
10.0
9.00
10.0
9.00
9.00
8.00
11.0
10.0
9.00
6.00
10.0
11.0
11.0
9.00
12.0
10.0
10.0
8.00
8.00
7.00
10.0
11.0
11.0
9.79
5.99
6.99
10.0
10.0
11.0
13.0
11.0
6.00
9.00
10.0
7.98
10.0
9.00
9.00
9.00
10.0
9.06
7.01
9.02
8.00
6.00
9.00
8.00
5.00
9.00
10.0
