6.22
6.97
5.98
7.57
7.97
7.62
7.21
8.01
10.6
9.01
5.00
10.0
11.0
11.0
11.0
7.00
9.00
9.00
9.00
11.0
10.0
9.00
12.0
10.0
9.00
10.0
11.0
10.0
7.00
8.01
12.0
10.0
10.0
5.01
11.0
9.01
9.00
7.01
12.0
10.0
9.01
11.0
11.0
11.1
11.1
7.01
7.01
8.01
6.00
9.01
8.02
10.0
8.01
8.01
10.0
9.05
10.0
12.1
11.0
11.1
12.0
11.1
12.1
11.0
9.06
9.03
13.0
13.1
8.01
10.0
8.01
11.0
11.0
10.0
7.00
10.0
11.0
8.00
9.00
9.00
10.0
13.0
10.0
9.00
6.99
9.00
12.0
8.00
14.0
10.0
10.0
11.0
15.0
10.0
7.00
7.00
9.00
11.0
7.00
13.0
7.00
9.00
9.00
10.0
13.0
8.00
11.0
9.00
10.0
8.00
7.00
11.0
8.00
12.0
10.0
9.00
12.0
7.00
7.00
13.0
9.00
12.0
10.0
9.00
7.99
9.00
14.0
9.99
7.99
7.00
10.0
8.00
9.00
9.00
7.99
8.99
12.0
11.0
9.00
9.00
9.00
10.0
9.99
8.00
14.0
10.0
8.00
8.99
7.00
11.0
12.0
11.0
12.0
11.0
10.0
12.0
13.0
12.0
10.0
9.01
12.0
10.0
11.0
13.0
12.0
11.0
8.00
15.0
10.0
10.0
10.0
11.0
9.01
9.01
8.00
10.0
10.0
13.1
9.01
9.05
