400.3
416.65
436.17
420.83
401.14
407.37
416.99
420.38
437.47
448.45
417.12
422.43
432.44
439.75
411.7
433.22
428.29
428.27
427.09
414.67
435.14
435.86
430.99
447.68
421.19
417.68
429.8
444.69
415.76
423.77
418.92
428.61
434.67
428.5
424.34
406.35
437.64
425.13
426.33
440.86
449.29
422.85
394.95
423.78
421.4
436.0
430.49
422.27
436.28
427.15
456.0
425.67
432.6
438.22
428.29
442.81
406.0
425.93
433.07
429.67
463.51
453.29
428.27
399.68
432.51
437.32
410.22
411.76
419.55
403.3
416.01
436.66
421.19
453.08
420.68
422.47
391.21
405.49
435.33
407.69
427.93
413.22
444.4
434.83
440.79
413.34
427.95
427.79
410.83
427.95
421.0
433.94
438.01
434.87
433.45
407.18
417.85
441.61
410.61
402.62
425.58
425.39
439.32
413.0
441.68
427.56
440.73
435.62
451.99
433.52
406.19
430.74
440.94
422.0
423.0
427.85
420.99
445.15
441.23
417.95
400.99
423.51
429.22
439.65
417.45
433.26
450.39
432.57
447.5
401.67
424.74
436.38
440.98
429.22
457.51
418.21
433.07
459.8
445.0
412.14
433.01
414.35
430.84
438.01
456.69
425.0
428.86
418.65
383.46
410.25
431.7
441.15
417.2
414.14
436.19
418.82
409.75
414.86
453.92
427.81
445.51
419.98
424.38
455.39
437.16
435.06
436.57
410.0
430.02
436.9
408.99
448.9
438.98
442.0
452.95
425.0
424.77
419.01
456.61
427.0
