442.35
421.0
427.0
414.0
412.0
444.0
434.0
424.0
428.0
431.0
424.0
441.0
436.0
429.0
434.0
446.99
414.0
425.0
442.0
411.0
408.0
434.0
404.0
406.0
417.0
453.0
430.0
434.0
447.0
442.0
444.0
436.0
413.0
416.0
404.0
420.0
406.0
439.0
429.0
425.0
407.0
423.0
427.0
450.0
452.0
441.0
448.0
420.0
415.54
423.0
430.0
431.0
419.0
414.0
431.0
420.0
423.0
432.0
410.0
453.0
418.0
427.0
439.0
424.0
458.0
427.0
447.0
410.0
422.0
421.0
421.0
416.0
416.0
418.0
418.0
433.0
410.0
427.0
430.0
420.0
426.0
425.0
401.0
437.0
436.0
443.0
447.0
448.0
441.0
431.0
437.0
443.0
416.0
446.0
446.0
416.0
432.0
423.0
454.99
447.0
408.0
400.0
427.0
452.0
435.0
447.0
441.0
430.0
436.0
424.0
420.0
443.0
443.0
412.0
439.0
440.0
414.0
416.0
441.0
439.0
426.0
438.0
448.0
406.0
435.0
446.0
440.0
428.0
436.48
446.54
432.0
421.54
443.0
405.0
437.0
425.0
443.0
422.0
428.0
407.0
444.0
425.0
422.0
427.0
406.0
422.0
420.0
439.0
431.0
433.0
429.0
443.0
423.0
419.0
420.0
439.0
437.0
461.0
417.0
435.0
430.0
429.0
459.0
439.0
438.0
440.0
443.0
426.0
443.0
425.0
438.99
433.0
457.0
436.0
406.0
449.0
430.0
434.0
432.0
431.0
