410.54
426.45
438.87
426.26
416.93
410.42
432.03
425.53
431.07
445.51
429.08
428.09
439.65
433.36
426.62
428.3
421.22
412.49
429.42
428.91
441.31
435.51
436.46
444.1
421.84
423.0
418.85
456.66
423.0
404.97
437.66
428.53
429.97
428.96
415.99
408.87
453.61
426.71
423.39
440.0
468.6
428.0
400.0
431.0
426.64
440.0
413.96
429.01
436.93
421.46
443.02
430.02
427.98
430.0
430.4
435.9
408.0
432.96
431.96
431.3
447.14
455.81
419.26
412.5
422.62
419.11
425.28
426.34
430.7
405.62
417.68
421.92
423.63
443.64
416.77
431.59
396.84
410.7
428.29
415.44
422.01
416.32
442.53
429.47
439.94
417.0
413.7
420.26
410.16
442.46
421.0
459.56
434.64
436.98
419.14
414.98
432.96
434.7
422.74
405.52
418.19
428.4
443.08
417.9
434.44
431.43
435.96
425.18
437.01
436.96
414.22
436.95
435.99
426.0
434.0
432.94
406.03
444.35
440.27
413.96
412.0
424.51
423.23
437.64
417.43
422.85
445.69
433.05
414.48
439.89
419.1
418.38
435.98
426.24
436.52
423.21
421.08
442.81
434.0
402.16
431.85
419.12
433.28
459.58
434.7
415.05
412.78
418.09
378.36
412.98
422.69
444.14
425.21
421.61
423.99
420.87
403.96
416.91
444.93
430.83
439.65
422.0
404.31
435.08
443.18
422.05
433.46
422.0
447.98
434.9
426.0
429.9
430.98
434.0
445.95
428.0
453.67
425.4
433.01
401.0
