419.27
420.534
429.844
414.904
415.958
422.404
422.258
429.414
431.198
438.748
418.236
427.022
435.834
431.846
423.67
428.276
421.79
423.042
434.482
418.914
429.5
433.786
424.1
427.684
425.004
426.622
427.588
438.016
425.206
430.232
436.096
425.812
427.688
429.574
415.696
415.676
426.466
433.76
421.352
431.236
439.296
425.54
414.868
439.35
432.47
428.37
431.956
421.082
422.39
423.976
429.94
429.068
429.68
427.914
432.852
431.66
417.596
423.196
418.298
433.736
439.408
436.868
427.798
412.912
434.538
427.352
425.982
420.31
420.664
418.402
413.314
424.598
418.982
437.18
417.852
433.224
410.064
420.202
427.498
419.996
424.126
425.418
428.77
431.64
433.604
428.692
426.618
430.204
419.782
426.596
429.278
438.428
427.438
439.298
431.838
419.422
422.072
426.982
427.47
422.728
422.266
418.142
430.74
428.374
430.922
438.018
434.216
433.956
433.216
428.43
415.87
432.826
435.576
424.0
430.988
431.344
421.8
426.8
438.698
428.78
420.572
426.752
430.014
423.206
425.604
432.694
434.668
423.86
425.394
425.69
435.932
420.184
432.738
416.59
438.746
418.586
428.302
437.522
432.154
410.382
428.964
422.294
428.106
436.278
429.494
417.424
426.506
423.266
407.744
418.26
430.208
438.544
422.16
422.506
425.83
426.664
425.354
439.562
429.1
427.902
440.398
426.94
439.582
434.256
432.562
426.046
426.518
423.668
438.396
431.914
427.356
438.552
431.988
434.206
429.184
431.978
430.394
424.972
431.92
418.402
