417.48
426.0
437.0
414.0
433.0
431.0
426.0
452.0
445.0
448.0
406.0
429.0
435.0
423.0
428.0
421.99
432.0
433.0
445.0
412.0
451.0
442.0
429.0
416.0
438.0
419.0
437.0
411.0
412.0
432.0
434.0
414.0
437.0
443.0
417.0
418.0
440.0
440.0
423.0
437.0
435.0
445.0
427.0
446.0
444.0
426.0
447.0
420.0
416.12
416.1
416.53
418.0
439.0
441.0
429.0
427.0
424.0
417.0
418.0
428.0
448.0
419.0
438.0
411.0
439.0
424.0
439.0
416.0
412.0
435.0
424.0
425.0
415.0
442.0
421.0
443.0
436.0
432.0
435.0
426.0
424.0
440.0
427.0
434.0
419.0
452.0
439.0
428.0
417.0
428.0
446.0
424.0
419.0
439.0
435.0
431.0
423.0
425.0
434.0
438.0
429.0
424.0
432.0
440.0
423.0
439.0
435.0
443.0
417.0
433.0
415.0
441.0
434.0
444.0
437.0
421.0
435.0
417.0
431.0
419.0
430.0
428.0
430.0
422.0
434.0
428.0
422.63
410.08
427.92
414.54
466.86
410.54
425.0
429.0
430.96
416.69
417.0
442.0
430.0
416.0
439.0
421.0
424.0
444.0
439.0
427.0
426.0
428.0
418.0
420.0
429.0
436.0
440.0
429.0
422.0
432.0
440.0
453.0
419.0
415.0
448.0
445.0
454.0
428.0
422.0
424.0
399.0
433.0
422.0
443.0
427.0
450.0
418.0
423.0
410.0
428.0
423.0
425.0
410.0
418.0
