425.68
412.57
410.18
399.43
416.72
419.23
402.27
425.16
414.45
420.78
414.98
414.59
436.08
434.12
418.03
410.88
413.44
416.45
428.9
427.99
412.05
421.56
420.05
424.64
426.99
420.43
422.29
443.73
428.27
448.42
445.9
421.92
423.8
431.41
417.15
425.16
395.08
437.96
405.04
413.32
436.59
408.85
425.39
445.97
418.31
398.85
420.33
414.13
407.08
432.17
404.15
440.65
429.82
416.35
445.57
432.59
426.98
408.09
398.46
426.71
420.39
429.24
414.46
417.38
420.56
429.33
408.41
437.45
419.07
427.09
387.88
423.41
419.09
429.18
412.81
436.06
416.27
425.82
408.87
430.85
420.69
432.55
428.92
422.9
432.29
418.12
405.44
426.97
419.92
403.57
421.39
431.64
429.54
439.64
425.6
427.95
404.55
410.6
415.01
420.5
430.56
412.92
412.3
418.97
420.49
445.1
418.39
435.98
424.08
414.67
423.94
412.44
423.95
416.0
421.94
434.93
432.98
411.5
439.99
453.99
433.87
419.74
419.62
410.74
424.14
433.36
414.63
415.6
400.59
425.81
436.96
414.08
418.73
393.49
431.74
409.82
427.36
421.0
423.77
414.61
396.96
432.0
430.41
412.8
411.08
398.07
444.89
412.59
427.9
415.07
438.65
428.43
405.39
428.78
426.97
422.63
436.06
452.04
410.65
430.87
438.83
418.72
456.22
413.81
422.47
409.12
420.56
427.34
448.98
419.77
435.8
430.96
414.98
436.03
431.02
429.89
420.53
421.45
427.98
415.01
