2096.35
2102.67
2149.22
2074.52
2079.79
2112.02
2111.29
2147.07
2155.99
2193.74
2091.18
2135.11
2179.17
2159.23
2118.35
2141.38
2108.95
2115.21
2172.41
2094.57
2147.5
2168.93
2120.5
2138.42
2125.02
2133.11
2137.94
2190.08
2126.03
2151.16
2180.48
2129.06
2138.44
2147.87
2078.48
2078.38
2132.33
2168.8
2106.76
2156.18
2196.48
2127.7
2074.34
2196.75
2162.35
2141.85
2159.78
2105.41
2111.95
2119.88
2149.7
2145.34
2148.4
2139.57
2164.26
2158.3
2087.98
2115.98
2091.49
2168.68
2197.04
2184.34
2138.99
2064.56
2172.69
2136.76
2129.91
2101.55
2103.32
2092.01
2066.57
2122.99
2094.91
2185.9
2089.26
2166.12
2050.32
2101.01
2137.49
2099.98
2120.63
2127.09
2143.85
2158.2
2168.02
2143.46
2133.09
2151.02
2098.91
2132.98
2146.39
2192.14
2137.19
2196.49
2159.19
2097.11
2110.36
2134.91
2137.35
2113.64
2111.33
2090.71
2153.7
2141.87
2154.61
2190.09
2171.08
2169.78
2166.08
2142.15
2079.35
2164.13
2177.88
2120.0
2154.94
2156.72
2109.0
2134.0
2193.49
2143.9
2102.86
2133.76
2150.07
2116.03
2128.02
2163.47
2173.34
2119.3
2126.97
2128.45
2179.66
2100.92
2163.69
2082.95
2193.73
2092.93
2141.51
2187.61
2160.77
2051.91
2144.82
2111.47
2140.53
2181.39
2147.47
2087.12
2132.53
2116.33
2038.72
2091.3
2151.04
2192.72
2110.8
2112.53
2129.15
2133.32
2126.77
2197.81
2145.5
2139.51
2201.99
2134.7
2197.91
2171.28
2162.81
2130.23
2132.59
2118.34
2191.98
2159.57
2136.78
2192.76
2159.94
2171.03
2145.92
2159.89
2151.97
2124.86
2159.6
2092.01
