7.99
12.0
7.79
8.30
7.66
5.96
7.80
8.32
7.59
11.4
10.1
9.51
6.95
8.63
9.02
8.85
10.0
8.95
8.87
8.97
9.87
9.99
8.01
10.7
9.19
8.00
7.00
9.96
7.00
9.99
8.86
9.57
9.97
7.98
10.0
6.00
12.0
8.01
9.00
6.00
9.54
9.00
6.00
10.0
9.63
9.00
7.96
12.0
7.94
9.46
7.00
9.00
9.01
9.01
10.0
7.00
8.00
10.0
11.0
7.01
9.00
9.00
10.0
10.0
8.98
8.01
10.3
7.48
8.59
7.65
7.51
6.97
9.99
4.95
8.01
8.71
7.53
7.86
8.36
7.98
9.63
6.97
6.99
6.00
10.0
8.10
4.99
8.95
8.35
6.99
6.00
7.96
9.62
9.66
7.95
8.99
8.96
6.95
9.78
10.6
8.94
10.5
9.93
5.97
8.53
10.7
9.00
11.0
12.0
7.99
10.2
7.95
6.99
8.00
7.00
12.0
10.9
9.95
10.9
8.97
10.0
9.93
8.98
7.99
7.94
8.95
7.00
7.99
10.3
8.99
6.62
10.0
13.0
10.0
7.44
6.95
5.99
9.81
8.00
8.15
8.52
9.67
8.99
9.99
7.00
8.99
7.50
8.14
8.71
6.99
8.73
6.94
8.29
8.37
8.58
8.99
9.00
9.99
7.99
7.84
9.79
9.00
8.49
11.2
7.96
6.94
9.17
10.0
10.8
7.95
10.0
8.95
9.98
15.0
8.99
9.00
5.97
8.62
7.94
7.00
