6.16
5.97
8.88
7.06
7.97
6.97
8.01
8.56
9.01
11.0
5.00
7.00
9.00
8.01
9.00
10.0
9.31
8.97
6.98
9.14
10.0
11.0
10.0
9.94
8.95
10.0
9.00
10.8
9.00
11.0
7.99
7.99
8.00
7.99
9.99
8.87
8.62
4.97
9.43
7.00
9.56
9.00
8.00
9.00
11.0
7.00
9.00
11.0
11.0
9.01
7.02
6.01
14.0
7.00
10.0
11.0
4.00
12.0
11.0
7.69
9.94
10.0
8.16
6.99
6.95
7.90
9.99
7.94
7.18
6.64
6.49
7.21
6.99
6.78
5.93
7.10
4.98
6.98
11.0
8.01
6.84
7.53
9.00
11.5
11.0
8.98
6.94
6.31
9.08
9.07
9.00
9.00
12.0
11.0
6.01
12.0
10.0
9.01
10.0
11.0
9.01
6.01
9.01
9.01
11.0
10.0
9.01
9.07
9.01
13.0
7.01
11.0
8.00
8.00
11.0
10.0
7.03
8.00
7.97
10.0
9.00
7.98
8.61
7.98
8.59
9.00
9.99
5.90
7.30
7.25
6.80
7.98
6.99
7.32
6.44
6.99
6.55
7.74
10.0
7.15
6.98
6.82
7.13
8.00
10.0
5.01
7.21
7.04
8.34
6.00
11.0
8.11
6.79
8.05
8.73
11.0
8.00
9.00
10.0
6.00
7.00
10.0
9.60
13.0
14.0
15.0
9.08
6.00
8.54
11.0
12.0
9.00
8.00
11.0
10.0
9.00
10.1
9.00
7.00
8.00
