7.13
7.99
7.01
8.71
7.93
8.68
8.57
7.92
9.10
9.11
7.94
10.0
6.00
11.0
9.00
8.00
11.4
10.6
8.82
8.95
9.14
11.0
6.99
7.96
7.97
8.00
10.0
11.0
11.0
6.00
8.81
7.97
8.00
12.0
9.00
9.00
5.99
8.34
7.99
7.00
9.02
7.00
7.00
8.00
9.01
8.00
10.0
7.01
10.0
16.0
11.0
6.01
9.01
10.0
9.00
11.0
7.00
9.01
8.01
10.0
12.0
6.00
12.8
8.00
8.98
11.0
6.00
7.86
7.23
6.99
7.90
8.67
8.66
7.96
9.33
8.40
6.92
7.93
6.93
7.68
8.45
8.55
8.25
8.97
7.94
8.17
7.93
7.94
6.98
7.93
11.0
9.49
9.02
6.94
9.66
7.99
10.0
9.74
7.96
7.92
9.24
10.9
9.14
8.91
7.93
11.1
6.00
6.01
9.00
11.0
12.0
7.96
9.99
9.00
10.0
9.94
10.1
11.4
10.4
5.99
6.00
11.0
11.0
9.99
6.96
8.92
10.0
7.46
6.96
8.70
7.71
6.99
10.0
5.95
7.99
9.31
8.07
8.95
14.0
8.33
8.92
8.25
7.97
9.99
11.7
8.05
8.99
8.06
8.16
8.99
7.96
6.97
8.27
5.96
8.70
9.88
7.96
9.32
7.97
7.99
7.97
8.00
8.14
9.88
10.2
10.1
9.21
9.00
11.5
7.95
9.00
7.95
11.0
6.00
7.96
10.0
10.5
9.72
9.00
11.0
