10.0
9.00
9.00
12.0
9.00
10.0
10.0
9.00
9.00
9.00
11.0
10.0
9.00
11.0
9.00
9.00
7.00
9.00
9.00
11.0
9.00
11.0
10.0
11.0
8.00
9.00
10.0
10.0
9.00
10.0
11.0
8.00
10.0
9.00
9.00
10.0
10.0
7.00
8.00
9.00
10.0
10.0
10.0
8.00
8.00
10.0
9.00
10.0
8.00
9.00
9.00
10.0
11.0
9.00
10.0
11.0
9.00
10.0
11.0
12.0
9.00
9.00
10.0
9.00
9.00
11.0
10.0
10.0
8.00
10.0
8.00
10.0
10.0
11.0
11.0
9.00
10.0
8.00
11.0
10.0
10.0
10.0
8.00
9.00
9.00
8.00
9.00
8.02
10.0
10.0
9.00
10.0
10.0
9.00
9.00
8.00
11.0
9.00
8.00
10.0
10.0
11.0
9.00
8.00
10.0
11.0
9.00
10.0
9.00
8.00
10.0
2.96
1.62
8.00
11.0
9.00
8.00
9.00
11.0
9.00
9.00
10.0
10.0
9.00
11.0
10.0
9.00
8.00
11.0
8.00
10.0
10.0
9.00
10.0
12.0
9.00
9.00
9.00
12.0
10.0
11.0
9.00
11.0
11.0
9.00
9.00
2.96
1.79
9.00
9.00
10.0
8.00
9.00
9.00
9.00
9.00
9.00
8.00
11.0
10.0
10.0
10.0
10.0
8.00
11.0
11.0
10.0
9.00
9.00
9.00
10.0
11.0
11.0
8.00
10.0
9.00
9.00
10.0
