9.00
10.0
8.00
10.0
10.0
9.00
10.0
9.00
11.0
10.0
9.00
11.0
7.00
10.0
9.00
10.0
8.00
11.0
10.0
10.0
9.00
9.00
10.0
10.0
10.0
10.0
10.0
8.00
9.00
9.00
10.0
9.00
9.00
9.00
9.00
10.0
9.00
10.0
11.0
10.0
10.0
9.00
9.00
10.0
11.0
10.0
12.0
11.0
10.0
9.00
10.0
10.0
11.0
10.0
10.0
10.0
10.0
2.16
1.70
10.0
10.0
8.00
8.00
8.00
10.0
10.0
10.0
11.0
10.0
10.0
8.00
9.00
12.0
9.00
8.00
10.0
8.00
10.0
8.00
10.0
11.0
10.0
10.0
10.0
11.0
2.35
1.84
1.24
11.0
8.99
9.00
10.0
11.0
10.0
8.00
10.0
9.00
9.00
9.00
10.0
9.00
10.0
8.00
10.0
10.0
9.00
10.0
9.00
10.0
13.0
11.0
9.00
7.00
9.00
11.0
10.0
8.00
10.0
8.00
9.00
10.0
9.00
10.0
9.00
10.0
10.0
10.0
9.00
11.0
10.0
10.0
11.0
8.00
10.0
11.0
10.0
10.0
10.0
9.00
10.0
9.00
10.0
10.0
2.86
1.83
0.98
1.08
8.00
9.00
8.00
9.00
10.0
9.00
11.0
9.00
8.00
11.0
10.0
12.0
11.0
10.0
8.00
10.0
10.0
10.0
11.0
11.0
10.0
9.00
9.00
10.0
10.0
9.00
9.00
10.0
8.00
11.0
