4.00
6.00
6.00
6.00
7.00
3.00
4.00
6.00
8.00
5.00
7.00
8.00
2.00
4.00
7.00
7.00
8.00
7.00
4.00
5.00
4.00
3.00
5.00
4.00
4.00
8.00
7.00
4.00
8.00
7.00
4.00
10.0
8.00
8.00
6.00
5.00
5.00
3.00
7.00
6.00
8.00
9.00
5.00
6.00
7.00
7.00
7.00
3.00
7.00
3.00
7.00
8.00
7.00
9.00
8.00
4.00
5.00
3.00
6.00
9.00
7.00
6.00
4.00
10.0
8.00
5.00
3.00
5.00
7.00
8.00
9.00
6.00
7.00
7.00
9.00
8.00
4.00
6.00
9.00
4.00
8.00
6.00
6.00
8.00
6.00
4.00
6.00
2.43
6.00
10.0
6.00
5.00
6.00
4.00
7.00
6.00
6.00
7.00
3.00
7.00
9.00
7.00
6.00
7.00
9.00
6.00
8.00
5.00
7.00
7.00
3.00
1.77
1.44
3.00
9.00
10.0
7.00
10.0
7.00
8.00
11.0
2.00
5.00
8.00
6.00
2.00
5.00
7.00
6.00
4.00
10.0
8.00
7.00
9.00
5.00
7.00
6.00
5.00
6.00
5.00
7.00
7.00
7.00
6.00
8.00
5.00
11.0
0.19
6.00
9.00
7.00
8.00
8.00
6.00
5.00
4.00
5.00
7.00
11.0
4.00
7.00
8.00
7.00
5.00
9.00
5.00
6.00
10.0
10.0
6.00
5.00
5.00
8.00
6.00
7.00
7.00
9.00
8.00
9.00
