8.00
10.0
9.00
10.0
8.00
8.00
6.00
7.00
9.00
8.00
8.00
8.00
10.0
7.00
7.00
10.0
9.00
9.00
7.00
8.00
10.0
8.00
8.00
8.00
9.00
10.0
8.00
7.00
8.00
9.00
9.00
8.00
9.00
10.0
10.0
9.00
9.00
8.00
9.00
9.00
8.00
10.0
8.00
8.00
9.00
9.00
9.00
8.00
8.00
8.00
8.00
7.00
8.00
8.00
10.0
7.00
8.00
1.98
8.00
8.00
9.00
9.00
7.00
8.00
8.00
9.00
9.00
9.00
8.00
9.00
8.00
7.00
9.00
9.00
8.00
9.00
8.00
8.00
7.00
7.00
9.00
7.00
9.00
8.00
8.00
2.43
9.00
9.00
9.00
10.0
11.0
7.00
10.0
9.00
8.00
8.00
8.00
10.0
10.0
9.00
8.00
10.0
10.0
8.00
7.00
9.00
9.00
7.00
9.00
8.00
7.00
9.00
9.00
8.00
7.00
10.0
8.00
10.0
9.00
7.00
8.00
8.00
8.00
9.00
9.00
8.00
9.00
10.0
9.00
9.00
9.00
9.00
9.00
6.00
7.00
9.00
8.00
5.00
7.00
8.00
7.00
9.00
8.00
7.00
8.00
9.00
8.99
8.00
9.00
10.0
8.00
9.00
9.00
6.00
9.00
8.00
8.00
9.00
8.00
11.0
9.00
8.00
9.00
9.00
8.00
8.00
8.00
8.00
9.00
9.00
9.00
8.00
8.00
9.00
8.00
8.00
9.00
7.00
8.00
7.00
