7.00
7.00
8.00
6.00
9.00
6.00
6.00
8.00
7.00
7.00
7.00
7.00
9.00
8.00
7.00
7.00
8.00
9.00
6.00
9.00
6.00
7.00
6.00
8.00
10.0
8.00
7.00
7.00
6.00
8.00
8.00
9.00
7.00
8.00
6.00
6.00
7.00
6.00
7.00
9.00
7.00
9.00
6.00
7.00
8.00
8.00
9.00
7.00
9.00
7.00
9.00
8.00
6.00
7.00
8.00
9.00
2.04
1.09
0.92
8.00
8.00
9.00
9.00
8.00
8.00
7.00
7.00
9.00
8.00
8.00
6.00
8.00
8.00
7.00
8.00
8.00
8.00
7.00
7.00
6.00
8.00
8.00
6.00
8.00
6.00
6.01
5.00
9.00
8.00
7.00
7.00
7.00
7.00
8.00
7.00
8.00
7.00
8.00
9.00
9.00
6.00
8.00
6.00
7.00
8.00
6.00
8.00
8.00
7.00
2.14
1.51
1.08
5.00
8.00
9.00
8.00
8.00
10.0
7.00
8.00
7.00
7.00
8.00
7.00
8.00
8.00
6.00
7.00
8.00
8.00
9.00
10.0
7.00
7.00
7.00
8.00
6.00
7.00
8.00
8.00
7.00
8.00
9.00
8.00
2.41
1.68
0.93
7.00
6.00
8.00
8.00
9.00
7.00
6.00
8.00
9.00
8.00
8.00
9.00
7.00
8.00
7.00
7.00
7.00
6.00
9.00
7.00
5.00
9.00
8.00
9.00
7.00
7.00
8.00
8.00
5.00
10.0
