11.0
9.00
9.00
8.00
12.0
11.0
9.00
10.0
11.0
10.0
7.00
10.0
9.00
10.0
10.0
10.0
9.00
10.0
7.00
8.00
9.00
10.0
10.0
9.00
9.00
10.0
9.00
10.0
9.00
8.00
9.00
9.00
8.00
9.00
11.0
9.00
9.00
9.00
12.0
11.0
11.0
9.00
9.00
10.0
9.00
10.0
8.00
11.0
9.00
9.00
11.0
10.0
10.0
10.0
10.0
9.00
9.00
10.0
8.00
12.0
11.0
10.0
11.0
10.0
8.00
10.0
11.0
10.0
10.0
9.00
9.00
10.0
10.0
9.00
10.0
11.0
12.0
9.00
12.0
10.0
9.00
10.0
11.0
9.00
8.00
3.80
10.0
12.0
11.0
9.00
10.0
9.00
10.0
8.00
9.00
9.00
10.0
12.0
9.00
10.0
9.00
9.00
9.00
11.0
9.00
10.0
9.00
7.00
9.00
2.04
1.55
1.05
0.83
12.0
8.00
9.00
10.0
10.0
11.0
9.00
10.0
10.0
9.00
9.00
10.0
9.00
7.00
9.00
9.00
9.00
10.0
8.00
10.0
10.0
10.0
10.0
9.00
11.0
11.0
10.0
9.00
9.00
10.0
9.00
9.00
10.0
9.00
13.0
10.0
9.00
11.0
10.0
9.00
8.00
9.00
9.00
9.00
10.0
10.0
10.0
9.00
11.0
9.00
10.0
10.0
9.00
9.00
9.00
9.00
8.00
9.00
10.0
10.0
10.0
8.00
9.00
9.00
9.00
11.0
