7.00
8.00
7.00
10.0
8.00
10.0
9.00
8.00
9.00
11.0
9.00
9.00
7.00
10.0
9.00
9.00
8.00
9.00
9.00
6.00
9.00
8.00
8.00
9.00
8.00
6.00
8.00
9.00
9.00
9.00
8.00
10.0
12.0
9.00
8.00
9.00
8.00
10.0
9.00
8.00
10.0
9.00
8.00
10.0
8.00
10.0
7.00
10.0
9.00
7.00
9.00
8.00
11.0
9.00
9.00
10.0
10.0
8.00
9.02
9.00
9.00
6.00
9.00
7.00
8.00
8.00
11.0
9.00
8.00
7.00
7.00
9.00
10.0
8.00
8.00
9.00
9.00
8.00
9.00
9.00
9.00
10.0
10.0
10.0
8.00
9.00
9.00
8.00
9.00
7.00
8.00
8.00
9.00
10.0
8.00
9.00
9.00
9.00
9.00
7.00
6.00
8.00
9.00
10.0
8.00
8.00
8.00
8.00
10.0
10.0
2.34
1.25
1.05
10.0
8.00
8.00
10.0
8.00
11.0
7.00
10.0
9.00
10.0
8.00
8.00
7.00
8.00
8.00
10.0
8.00
7.00
8.00
7.00
8.00
9.00
6.00
8.00
10.0
9.00
10.0
10.0
8.00
6.00
7.00
10.0
2.63
1.45
1.05
9.00
7.00
10.0
9.00
10.0
7.00
8.00
8.00
6.00
9.00
8.00
9.00
10.0
9.00
10.0
9.00
8.00
9.00
8.00
8.00
8.00
9.00
9.00
10.0
8.00
10.0
9.00
7.00
11.0
7.00
