6.00
8.00
7.00
7.00
6.00
5.00
6.00
7.00
6.00
9.00
6.00
6.00
7.00
5.00
8.00
8.00
5.00
8.00
5.00
7.00
5.00
7.00
5.00
6.00
8.00
6.00
7.00
6.00
7.00
7.00
6.00
6.00
7.00
5.00
7.00
6.00
6.00
8.00
6.00
8.00
6.00
8.00
6.00
6.00
6.00
7.00
6.00
6.00
6.00
5.00
6.00
7.00
8.00
6.00
8.00
7.00
8.00
8.00
5.00
7.00
5.00
6.00
6.00
7.00
7.00
8.00
6.00
8.00
7.00
6.00
8.00
9.00
8.00
7.00
6.00
7.00
7.00
7.00
8.00
5.00
8.00
7.00
7.00
7.00
4.00
7.00
1.79
1.49
0.93
7.00
6.00
5.00
5.00
7.00
5.00
7.00
7.00
6.00
6.00
6.00
6.00
6.00
5.00
6.00
5.00
8.00
6.00
7.00
6.00
2.41
1.49
0.67
7.00
5.00
7.00
6.00
5.00
7.00
8.00
6.00
5.00
6.00
7.00
8.00
5.00
6.00
6.00
7.00
5.00
7.00
5.00
6.00
7.00
7.00
6.00
8.00
6.00
6.00
8.00
7.00
6.00
8.00
8.00
8.00
4.00
7.01
6.00
7.00
5.00
8.00
6.00
6.00
7.00
6.00
6.00
7.00
3.00
7.00
7.00
7.00
7.00
5.00
6.00
9.00
7.00
6.00
7.00
7.00
6.00
7.00
7.00
7.00
6.00
8.00
6.00
6.00
4.00
6.00
