6.00
7.00
7.00
8.00
8.00
11.0
7.00
8.00
10.0
8.00
9.00
7.00
8.00
7.00
9.00
9.00
8.00
8.00
8.00
8.00
7.00
7.00
10.0
8.00
9.00
9.00
8.00
6.00
9.00
8.00
9.00
6.00
8.00
9.00
8.00
9.00
7.00
9.00
9.00
9.00
9.00
9.00
9.00
8.00
9.00
10.0
9.00
8.00
10.0
8.00
9.00
9.00
9.00
9.00
7.00
8.00
10.0
1.38
9.00
9.00
9.00
7.00
9.00
8.00
9.00
7.00
8.00
10.0
9.00
9.00
7.00
9.00
8.00
8.00
9.00
9.00
9.00
10.0
9.00
8.00
9.00
10.0
10.0
9.00
8.00
9.00
2.83
9.00
7.00
8.00
8.00
10.0
9.00
9.00
8.00
10.0
9.00
7.00
11.0
9.00
9.00
9.00
8.00
11.0
8.00
10.0
8.00
8.00
8.00
9.00
1.75
1.78
1.41
9.00
8.00
8.00
8.00
9.00
10.0
9.00
8.00
9.00
8.00
8.00
7.00
8.00
9.00
10.0
8.00
9.00
9.00
9.00
8.00
9.00
8.00
9.00
7.00
8.00
9.00
8.00
10.0
9.00
9.00
8.00
9.00
2.96
1.28
1.06
8.00
9.00
9.00
8.00
9.00
9.00
9.00
7.00
10.0
8.00
8.00
10.0
8.00
9.00
9.00
9.00
9.00
10.0
9.00
8.00
9.00
10.0
9.00
6.00
8.00
10.0
8.00
7.00
10.0
8.00
