4.00
10.0
9.00
7.00
7.00
8.00
8.00
9.00
5.00
9.00
7.00
9.00
8.00
10.0
3.00
6.00
6.00
8.00
5.00
8.00
6.00
6.00
5.00
9.00
5.00
8.00
8.00
7.00
6.00
7.00
5.00
7.00
10.0
7.00
7.00
7.00
4.00
7.00
5.00
2.00
6.00
7.00
10.0
4.00
7.00
8.00
8.00
7.00
5.00
3.00
6.00
9.00
9.00
6.00
4.00
8.00
6.00
11.0
7.00
8.00
5.00
5.00
3.00
5.00
6.00
5.00
10.0
2.00
7.00
6.00
5.00
10.0
9.00
9.00
7.00
8.00
8.00
6.00
9.00
5.00
7.00
5.00
6.00
2.00
7.00
5.00
7.00
4.00
8.00
5.00
6.00
8.00
4.00
8.00
5.00
5.00
8.00
11.0
9.00
7.00
5.00
6.00
6.00
7.00
6.00
9.00
9.00
4.00
5.00
7.00
3.00
5.00
6.00
5.00
2.00
10.0
7.00
7.00
9.00
7.00
13.0
4.00
8.00
8.00
7.00
4.00
6.00
5.00
8.00
10.0
6.00
7.00
7.00
9.00
2.00
6.00
5.00
8.00
6.00
7.00
4.00
8.00
7.00
7.00
7.00
1.32
1.48
1.01
0.63
11.0
6.00
8.00
8.00
9.00
7.00
9.00
5.00
7.00
6.00
6.00
4.00
4.00
6.00
8.00
3.00
7.00
7.00
10.0
7.00
10.0
9.00
6.00
5.00
5.00
7.00
6.00
8.00
6.00
7.00
