7.00
6.00
8.00
9.00
7.00
7.00
9.00
6.00
7.00
6.00
7.00
7.00
6.00
7.00
7.00
6.00
7.00
7.00
8.00
7.00
9.00
8.00
7.00
7.00
8.00
7.00
7.00
9.00
10.0
8.00
8.00
6.00
8.00
8.00
9.00
7.00
6.00
8.00
6.00
8.00
9.00
7.00
6.00
8.00
9.00
7.00
9.00
6.00
7.00
6.00
5.00
9.00
9.00
7.00
7.00
8.00
7.00
7.00
1.22
7.00
8.00
9.00
7.00
9.00
8.00
8.00
7.00
9.00
8.00
8.00
10.0
7.00
8.00
6.00
7.00
8.00
7.00
8.00
6.00
7.00
7.00
5.00
8.00
7.00
8.00
7.00
9.00
2.37
1.64
8.00
7.00
7.00
6.00
7.00
7.00
7.00
9.00
7.00
6.00
7.00
7.00
8.00
8.00
7.00
9.00
7.00
7.00
8.00
8.00
7.00
2.07
1.26
7.00
6.00
7.00
8.00
6.00
8.00
9.00
9.00
7.00
8.00
7.00
6.00
8.00
7.00
7.00
7.00
7.00
8.00
7.00
8.00
7.00
9.00
7.00
8.00
8.00
9.00
7.00
6.00
8.00
8.00
6.00
9.00
7.00
0.62
8.00
10.0
7.00
7.00
8.00
8.00
7.00
7.00
7.00
7.00
7.00
6.00
6.00
8.00
7.00
8.00
8.00
8.00
7.00
7.00
9.00
7.00
8.00
7.00
7.00
9.00
9.00
6.00
9.00
9.00
9.00
9.00
