7.00
10.0
11.0
8.00
9.00
9.00
9.00
11.0
11.0
9.00
10.0
11.0
10.0
9.00
11.0
11.0
9.00
8.00
8.00
9.00
10.0
9.00
10.0
9.00
10.0
11.0
9.00
9.00
11.0
9.00
10.0
10.0
9.00
10.0
9.00
10.0
11.0
9.00
10.0
10.0
9.00
8.00
9.00
10.0
10.0
10.0
10.0
9.00
13.0
9.00
10.0
10.0
10.0
10.0
7.00
7.00
10.0
12.0
10.0
10.0
9.00
10.0
8.00
10.0
9.00
11.0
11.0
10.0
8.00
9.00
8.00
11.0
10.0
9.00
10.0
8.00
8.00
9.00
10.0
10.0
10.0
9.00
11.0
9.00
10.0
8.00
9.00
8.00
9.00
8.00
8.00
10.0
9.00
10.0
10.0
9.00
9.00
10.0
8.00
9.00
10.0
11.0
11.0
10.0
11.0
8.00
10.0
10.0
11.0
10.0
10.0
9.00
8.00
11.0
8.00
7.00
10.0
9.00
9.00
8.00
10.0
11.0
9.00
8.00
10.0
9.00
10.0
8.00
9.00
9.00
11.0
8.00
7.00
9.00
9.00
10.0
11.0
10.0
10.0
11.0
11.0
7.00
9.00
11.0
8.00
2.00
1.21
1.03
0.83
8.00
10.0
11.0
9.00
9.00
9.00
9.00
11.0
9.00
9.00
10.0
8.00
11.0
9.00
9.00
11.0
8.00
9.00
8.00
9.00
11.0
8.00
11.0
10.0
11.0
9.00
9.00
9.00
10.0
8.00
