9.00
7.00
6.00
8.00
12.0
10.0
6.00
8.00
5.00
7.00
8.00
7.00
7.00
5.00
9.00
9.00
5.00
11.0
10.0
5.00
9.00
9.00
7.00
8.00
7.00
7.00
6.00
7.00
9.00
2.00
3.00
11.0
7.00
6.00
3.00
12.0
6.00
7.00
8.00
7.00
8.00
8.00
9.00
9.00
7.00
7.00
7.00
8.00
6.00
6.00
9.00
8.00
5.00
10.0
2.00
7.00
5.00
5.00
6.01
6.00
5.00
8.00
7.00
11.0
10.0
6.00
7.00
9.00
7.00
6.00
5.00
6.00
5.00
10.0
14.0
5.00
6.00
9.00
6.00
7.00
3.00
5.00
11.0
7.00
6.00
8.00
7.00
2.12
7.00
4.00
6.00
8.00
8.00
9.00
4.00
8.00
6.00
8.00
10.0
5.00
11.0
6.00
10.0
9.00
7.00
10.0
4.00
8.00
4.00
8.00
5.00
2.32
0.73
7.00
8.00
6.00
9.00
7.00
10.0
9.00
7.00
9.00
7.00
5.00
9.00
3.00
8.00
9.00
8.00
3.00
7.00
8.00
11.0
6.00
6.00
6.00
8.00
5.00
7.00
8.00
9.00
8.00
7.00
5.00
8.00
7.00
2.06
1.09
10.0
10.0
5.00
6.00
5.00
7.00
5.00
8.00
7.00
7.00
8.00
7.00
8.00
7.00
6.00
9.00
3.00
8.00
6.00
7.00
9.00
8.00
7.00
8.00
5.00
3.00
10.0
9.00
7.00
10.0
