8.00
7.00
7.00
8.00
7.00
7.00
7.00
6.00
9.00
7.00
9.00
9.00
8.00
9.00
6.00
7.00
7.00
8.00
7.00
8.00
9.00
8.00
8.00
8.00
7.00
10.0
7.00
7.00
7.00
9.00
7.00
7.00
8.00
8.00
7.00
8.00
7.00
8.00
9.00
8.00
11.0
8.00
7.00
9.00
7.00
9.00
7.00
6.00
9.00
8.00
9.00
8.00
7.00
8.00
8.00
8.00
8.00
7.00
8.02
7.00
7.00
8.00
6.00
8.00
7.00
7.00
9.00
7.00
8.00
9.00
8.00
9.00
6.00
7.00
7.00
7.00
8.00
8.00
8.00
8.00
7.00
7.00
7.00
7.00
8.00
9.00
10.0
2.06
1.47
7.00
8.00
7.00
9.00
8.00
7.00
7.00
8.00
6.00
7.00
8.00
8.00
7.00
6.00
8.00
9.00
8.00
6.00
7.00
5.00
8.00
7.00
7.02
7.00
6.00
6.00
7.00
8.00
8.00
7.00
7.00
7.00
8.00
7.00
7.00
7.00
7.00
7.00
7.00
8.00
6.00
9.00
6.00
7.00
7.00
9.00
7.00
7.00
8.00
8.00
7.00
8.00
10.0
7.00
6.00
8.00
7.00
7.00
0.20
7.00
7.00
8.00
9.00
9.00
8.00
7.00
8.00
6.00
6.00
7.00
7.00
7.00
6.00
8.00
8.00
8.00
8.00
7.00
6.00
7.00
9.00
8.00
6.00
8.00
7.00
8.00
8.00
9.00
10.0
6.00
