8.00
7.00
8.00
8.00
7.00
9.00
7.00
8.00
8.00
7.00
7.00
8.00
7.00
7.00
7.00
6.00
7.00
7.00
8.00
6.00
8.00
8.00
5.00
8.00
7.00
8.00
8.00
8.00
8.00
9.00
8.00
9.00
8.00
8.00
7.00
8.00
6.00
9.00
7.00
6.00
8.00
9.00
8.00
7.00
7.00
8.00
8.00
8.00
8.00
7.00
8.00
8.00
7.00
6.00
8.00
7.00
8.00
9.06
9.00
8.00
6.00
8.00
8.00
8.00
8.00
6.00
7.00
8.00
8.00
7.00
8.00
8.00
10.0
9.00
7.00
8.00
7.00
8.00
7.00
7.00
7.00
6.00
8.00
7.00
7.00
7.00
2.47
7.00
7.00
8.00
5.00
7.00
8.00
8.00
8.00
6.00
9.00
9.00
8.00
6.00
7.00
7.00
8.00
8.00
7.00
8.00
9.00
7.00
6.00
7.00
2.09
1.44
1.05
6.00
7.00
7.00
7.00
6.00
8.00
7.00
8.00
7.00
9.00
7.00
7.00
7.00
9.00
8.00
6.00
8.00
7.00
7.00
6.00
6.00
8.00
6.00
9.00
7.00
9.00
7.00
6.00
7.00
6.00
7.00
8.00
1.79
1.48
1.18
8.00
7.00
6.00
9.00
6.00
7.00
7.00
7.00
7.00
7.00
6.00
8.00
8.00
6.00
6.00
7.00
7.00
8.00
9.00
9.00
7.00
7.00
8.00
8.00
8.00
7.00
10.0
9.00
8.00
8.00
