60000,60000
60001,60001
60002,60002
60003,60003
60004,60004
60005,60005
60006,60006
60007,60007
60008,60008
60009,60009
60010,60010
60011,60011
60012,60012
60013,60013
60014,60014
60015,60015
60016,60016
60017,60017
60018,60018
60019,60019
60020,60020
60021,60021
60022,60022
60023,60023
60024,60024
60025,60025
60026,60026
60027,60027
60028,60028
60029,60029
60030,60030
60031,60031
60032,60032
60033,60033
60034,60034
60035,60035
60036,60036
60037,60037
60038,60038
60039,60039
60040,60040
60041,60041
60042,60042
60043,60043
60044,60044
60045,60045
60046,60046
60047,60047
60048,60048
60049,60049
60050,60050
60051,60051
60052,60052
60053,60053
60054,60054
60055,60055
60056,60056
60057,60057
60058,60058
60059,60059
60060,60060
60061,60061
60062,60062
60063,60063
60064,60064
60065,60065
60066,60066
60067,60067
60068,60068
60069,60069
60070,60070
60071,60071
60072,60072
60073,60073
60074,60074
60075,60075
60076,60076
60077,60077
60078,60078
60079,60079
60080,60080
60081,60081
60082,60082
60083,60083
60084,60084
60085,60085
60086,60086
60087,60087
60088,60088
60089,60089
60090,60090
60091,60091
60092,60092
60093,60093
60094,60094
60095,60095
60096,60096
