4.30
4.90
3.73
7.13
3.82
6.83
2.49
6.79
8.14
5.72
2.91
4.71
3.34
5.81
3.94
6.29
10.1
1.90
3.92
3.15
8.26
3.13
1.10
5.44
1.23
4.46
4.15
2.00
5.44
1.86
6.98
4.32
5.57
3.59
4.55
0.60
9.62
3.71
4.64
3.81
6.97
8.38
6.99
9.21
0.45
6.51
4.04
2.93
3.31
4.43
4.08
6.23
4.46
3.99
8.46
3.94
5.32
7.01
8.26
7.38
4.00
3.16
4.69
2.34
5.08
4.73
8.36
5.18
3.31
6.05
8.40
5.19
4.81
4.28
7.56
5.16
3.09
6.93
1.83
3.98
2.39
5.96
4.75
5.55
7.32
5.14
3.15
6.22
5.12
5.45
10.5
2.04
2.84
2.08
8.39
8.78
4.00
6.69
4.34
10.7
8.31
2.69
2.66
8.20
6.01
3.71
6.02
3.89
6.16
8.09
5.08
5.12
1.22
3.06
3.50
4.59
5.06
4.10
4.79
6.72
