2.42
11.4
6.04
7.15
4.45
6.49
6.99
7.29
4.90
5.55
6.13
3.08
5.28
1.75
8.51
4.93
6.21
7.98
0.08
7.56
3.83
6.04
4.95
2.86
7.95
6.47
8.53
5.23
3.12
4.57
4.15
10.4
1.42
3.51
3.02
3.71
1.34
6.46
6.43
3.85
4.04
1.29
6.92
4.85
9.21
3.66
5.12
4.76
7.11
5.31
5.14
5.48
5.29
6.23
5.67
5.57
2.77
3.58
8.38
6.27
0.30
2.03
3.31
5.29
6.48
7.76
4.60
5.42
4.64
6.44
6.35
7.16
6.49
6.41
2.23
6.12
5.48
2.60
8.86
4.09
2.62
7.02
5.30
3.56
6.86
5.45
4.22
6.13
2.72
3.10
3.95
5.25
2.58
2.78
4.41
4.99
5.79
3.62
7.17
4.88
4.91
7.26
4.24
6.57
7.49
1.82
6.28
3.33
4.41
5.57
3.90
2.17
5.56
7.49
0.84
8.51
5.78
7.78
6.68
5.53
