1.99
5.07
5.86
4.48
4.65
9.22
5.38
5.96
6.42
5.97
5.00
2.44
5.99
3.14
4.18
3.32
4.22
4.44
2.80
5.71
0.82
8.01
3.07
3.92
4.28
9.29
6.88
1.57
6.58
3.24
6.11
5.19
9.21
2.19
6.16
3.39
6.42
1.81
3.89
5.22
3.94
2.25
3.88
3.47
7.40
4.54
5.08
8.16
6.47
3.62
4.07
5.50
6.28
5.02
5.98
6.47
3.49
0.90
8.78
4.00
4.12
2.97
4.04
5.70
4.92
6.25
5.53
3.96
4.25
4.50
3.38
7.32
9.58
4.50
5.12
3.61
6.48
3.25
0.68
7.11
2.60
5.63
7.50
3.03
3.85
1.68
8.26
5.20
4.79
3.12
4.70
5.18
4.42
3.23
5.06
5.30
4.30
2.62
3.78
7.02
4.38
4.20
3.92
3.94
3.93
5.41
2.50
2.71
7.88
5.96
5.35
1.95
2.57
5.91
7.35
6.69
1.82
2.77
5.66
6.56
