5.49
7.61
4.15
6.53
10.3
4.65
3.37
1.60
7.08
9.74
4.10
4.31
3.83
5.53
6.25
6.03
6.74
4.89
8.96
6.92
8.38
4.75
5.73
5.08
3.93
4.46
4.85
5.13
5.98
5.68
4.24
6.19
6.25
2.35
6.08
7.18
5.30
6.19
8.35
6.44
4.74
6.01
4.79
8.50
3.79
5.39
4.34
8.26
8.17
3.74
3.16
3.39
2.68
1.23
6.21
5.57
6.00
2.09
6.76
3.17
4.98
8.52
5.94
4.69
4.92
6.64
5.13
5.56
3.45
8.11
4.08
2.93
1.27
6.34
5.86
8.94
2.98
2.64
4.31
3.49
6.56
3.60
5.51
7.27
3.59
3.84
6.38
5.41
8.90
5.87
7.39
6.10
2.05
6.65
4.85
7.07
5.79
6.25
6.68
2.26
3.28
5.74
4.93
3.58
6.12
5.49
2.36
5.50
2.64
4.91
6.56
2.90
1.46
5.35
7.50
7.17
6.37
7.38
7.70
5.33
