7.01
4.24
0.47
2.93
4.90
3.66
5.26
2.87
5.44
4.19
3.49
6.23
2.03
6.70
4.22
4.92
3.89
5.36
3.42
5.39
4.58
2.26
8.82
6.72
4.49
5.03
9.05
6.82
6.36
3.00
3.64
6.55
4.43
1.38
7.17
3.09
4.03
5.49
1.29
0.62
5.65
9.54
6.11
6.48
2.43
5.83
5.66
3.22
4.60
3.98
2.19
5.71
8.46
4.29
4.78
3.24
3.81
7.21
3.75
4.96
5.39
2.65
3.75
7.20
7.63
7.81
3.30
6.04
1.69
5.54
5.07
4.78
4.43
7.03
7.81
5.27
7.02
6.46
5.30
4.70
3.19
5.06
7.42
7.10
4.59
4.90
4.32
5.59
3.77
5.10
4.87
7.14
5.06
2.69
1.94
7.88
5.33
4.51
3.92
9.34
7.60
5.21
4.98
5.32
2.76
7.54
6.99
5.37
5.76
5.89
7.79
4.11
2.54
7.45
2.94
3.15
5.19
6.04
6.09
7.97
