8.34
7.92
3.08
5.86
4.66
8.70
7.02
2.45
6.11
0.05
5.60
2.64
1.80
2.81
3.25
7.27
6.18
3.43
5.51
3.73
3.49
8.62
5.68
3.52
4.57
2.22
2.34
3.67
4.29
0.84
4.87
6.91
2.43
2.86
5.31
4.99
2.45
6.41
4.56
3.04
4.90
4.75
7.06
6.37
5.90
3.77
2.52
5.51
7.63
6.83
2.86
3.09
4.21
8.53
7.71
3.52
6.98
3.37
3.50
5.64
5.79
2.95
7.94
3.90
6.81
5.49
4.78
7.40
2.25
1.69
6.09
3.05
4.29
5.21
4.59
8.17
7.26
3.61
5.16
8.70
4.60
1.60
6.54
4.52
4.51
2.59
7.88
5.46
0.63
5.64
1.64
4.99
4.81
5.01
4.55
3.67
7.07
6.61
5.29
4.85
1.91
4.15
5.96
5.32
5.69
8.94
6.65
8.40
5.52
6.27
7.20
6.13
4.36
0.48
6.55
2.55
5.37
7.83
6.99
5.51
