6.46
4.84
3.87
9.36
5.63
5.06
8.12
4.94
6.35
5.49
0.60
5.90
2.42
4.55
6.47
3.52
6.73
5.52
5.73
2.48
4.59
6.48
3.04
2.76
7.40
4.74
4.27
1.37
5.99
7.17
6.34
2.76
6.28
4.61
3.38
2.37
6.21
8.02
2.21
2.98
5.51
6.76
6.89
4.59
6.16
6.53
3.57
7.07
5.86
3.69
4.42
3.27
6.97
5.33
4.76
5.73
7.17
5.36
5.66
3.86
7.00
1.45
2.79
5.17
7.19
5.94
5.69
4.33
7.77
2.32
5.80
2.48
4.13
7.40
3.79
6.03
6.44
7.25
5.73
5.06
0.45
4.35
3.33
5.76
4.17
6.78
5.66
3.68
3.51
7.16
4.54
4.74
5.63
0.67
5.43
7.54
3.82
3.15
4.15
6.03
2.36
6.61
2.65
4.45
6.25
5.95
4.04
3.70
4.81
7.06
8.26
6.20
7.21
6.40
1.87
4.09
4.06
4.25
4.76
5.30
