7.31
4.01
4.70
3.18
8.93
7.51
6.47
4.72
2.76
8.67
6.20
3.86
5.14
7.05
8.34
5.28
6.25
6.12
8.29
5.53
4.17
3.41
4.55
4.26
7.97
6.37
5.57
6.57
3.02
5.46
5.82
3.76
4.00
3.64
6.97
4.23
5.55
5.85
6.73
4.85
4.96
3.17
6.42
6.16
1.07
8.00
7.63
3.35
6.12
4.39
5.88
8.24
5.58
6.83
7.94
4.27
5.81
2.33
3.64
3.32
3.99
5.47
4.47
7.54
6.66
5.06
4.74
6.13
6.91
7.79
7.16
1.33
4.83
6.87
3.24
4.62
3.44
3.30
7.45
7.19
2.91
5.72
4.39
2.43
8.38
2.83
4.00
0.59
6.43
8.24
8.06
3.41
7.81
3.85
6.44
6.30
6.46
3.62
6.98
4.09
5.67
4.30
2.91
3.67
4.26
4.86
1.48
2.86
6.25
6.44
5.68
1.10
9.29
6.38
3.49
3.91
2.36
2.62
7.35
6.02
