1.43
4.96
4.77
0.95
5.20
8.63
2.12
6.53
6.55
2.68
5.53
4.90
2.20
1.81
4.21
3.25
3.44
3.90
7.10
5.78
3.61
6.74
7.05
3.56
3.04
6.71
5.20
4.87
5.75
7.54
5.91
3.90
5.89
0.65
2.45
7.60
5.96
8.51
5.55
2.62
4.08
3.40
0.29
4.07
7.17
6.25
4.29
2.18
4.70
3.62
4.17
4.66
3.11
4.07
2.16
3.00
4.10
2.14
4.11
4.98
7.52
4.69
6.28
1.19
3.08
5.59
5.68
7.32
4.85
2.50
4.12
3.28
5.96
4.16
5.50
5.84
6.80
4.09
7.14
8.31
3.19
10.1
6.75
5.68
7.56
7.71
6.55
3.07
3.02
5.94
4.20
2.19
4.73
4.23
7.03
2.96
3.49
6.61
3.27
4.95
4.82
3.74
4.36
7.00
4.73
5.25
6.54
4.26
6.80
4.86
5.64
1.33
7.75
8.66
5.15
4.12
4.39
5.49
5.76
3.96
