2.66
3.32
3.72
2.84
4.70
3.18
7.38
4.86
6.93
2.62
4.77
6.26
2.93
9.58
3.84
5.33
6.91
6.36
6.01
6.06
2.15
6.18
0.98
3.41
7.69
6.41
6.33
4.00
2.58
1.01
5.50
5.58
5.82
4.02
2.35
4.40
3.75
2.33
1.61
3.34
5.10
6.38
2.31
9.48
6.22
7.21
4.01
4.80
1.92
5.27
5.95
1.43
3.69
4.30
7.84
5.53
6.69
4.31
7.83
3.73
7.17
1.67
6.47
5.99
6.47
3.21
5.78
3.46
5.26
6.03
2.88
4.93
5.02
7.40
4.46
4.92
5.65
7.57
4.48
6.73
4.79
4.33
7.00
4.87
4.79
5.51
5.30
6.88
8.52
4.92
4.10
4.71
6.32
6.40
7.71
6.99
4.50
7.93
4.18
3.23
3.06
1.50
8.25
2.47
2.93
1.08
5.00
9.28
5.15
1.93
2.38
0.42
1.97
3.12
6.07
4.36
5.59
7.75
4.61
4.17
