5.18
5.01
6.14
8.10
4.57
5.09
8.76
6.17
6.72
7.40
7.13
7.70
6.03
9.62
3.31
5.96
5.53
1.95
2.69
7.37
2.89
3.40
2.80
7.13
1.26
6.58
7.37
9.22
9.11
5.64
4.19
8.70
6.15
2.59
5.52
3.46
8.83
3.94
2.75
8.07
2.42
3.27
6.15
5.80
4.88
5.87
7.58
3.76
2.45
1.69
2.29
3.42
4.19
6.64
4.85
6.75
5.19
2.23
3.05
6.08
5.65
2.77
5.71
6.12
5.22
2.27
4.22
5.82
7.02
6.31
8.33
5.31
6.42
2.81
8.63
4.84
8.42
4.69
2.98
4.13
4.91
7.48
4.87
4.33
6.22
2.30
1.10
4.45
6.18
5.89
3.69
4.59
1.64
3.23
6.12
3.65
7.67
0.24
2.79
4.25
6.33
5.07
4.43
5.85
6.24
8.04
5.87
5.09
7.09
7.43
4.22
6.48
2.57
3.79
3.26
5.15
5.76
5.30
3.69
7.72
