7.07
3.20
3.96
2.97
4.47
3.72
5.87
0.69
7.78
6.27
4.20
4.58
3.32
5.34
1.88
4.61
3.32
6.06
4.42
2.67
3.93
7.99
5.90
8.96
3.19
7.99
7.58
4.79
2.92
5.34
9.14
4.58
2.80
5.68
7.08
4.71
3.70
1.73
4.14
4.56
4.11
4.40
8.47
6.44
9.93
5.37
9.78
2.20
4.63
4.86
6.75
7.85
6.64
9.58
3.96
6.69
5.37
4.63
5.41
5.94
5.05
2.05
3.60
4.56
1.79
4.29
2.98
4.22
4.15
5.31
5.17
6.88
6.09
5.58
5.69
5.75
1.66
2.38
5.83
5.53
1.76
6.59
5.77
4.96
1.03
5.46
4.30
7.35
1.25
4.89
5.31
2.99
7.43
4.04
6.44
5.20
2.63
5.89
4.29
6.59
7.10
6.23
4.24
2.16
8.26
7.30
5.72
2.95
5.07
4.55
3.50
10.1
6.58
7.64
7.43
9.92
1.28
3.96
8.01
3.33
