3.96
8.52
5.62
1.09
6.18
4.76
6.66
4.71
7.09
5.07
8.44
4.41
6.41
4.67
3.72
5.56
4.72
6.81
6.57
6.46
1.33
3.87
4.62
2.90
8.47
5.10
4.03
9.10
1.18
2.36
6.87
6.75
6.89
3.74
4.93
6.85
4.84
5.10
5.80
0.79
5.89
3.87
5.44
5.12
3.23
6.44
5.73
3.17
3.03
3.74
3.61
6.41
8.33
3.13
5.92
4.27
6.83
4.02
5.82
7.41
3.27
5.11
4.29
4.37
6.75
5.38
4.17
4.65
3.03
4.39
3.54
6.54
2.18
6.34
5.42
5.80
6.28
4.73
6.93
3.10
4.50
9.22
4.84
3.67
4.36
6.50
2.98
2.00
3.37
8.04
2.27
3.88
5.64
3.87
7.59
5.05
3.80
6.58
4.98
5.37
6.18
6.99
8.98
6.43
3.30
4.39
4.07
4.23
6.70
5.66
6.57
7.83
1.36
4.47
5.91
4.92
8.74
3.77
3.17
8.28
