6.09
5.35
2.01
3.63
6.44
3.34
3.97
7.84
5.17
6.24
4.83
2.88
3.51
4.98
3.13
1.37
5.13
4.10
9.21
3.51
4.47
4.89
5.39
3.98
7.37
8.86
6.95
2.79
1.40
2.43
9.10
4.67
6.01
8.22
6.98
4.51
4.36
5.77
3.50
5.77
5.63
1.29
3.40
5.38
2.56
8.31
6.36
10.1
4.24
4.02
7.18
1.61
6.32
7.13
4.99
3.21
6.32
6.57
6.19
3.69
4.36
3.41
5.63
7.17
6.14
3.44
5.97
6.13
2.08
6.34
3.30
5.47
4.80
6.34
4.71
0.43
6.11
3.67
4.68
1.22
6.26
6.70
1.64
4.88
6.30
6.65
3.86
4.30
4.81
6.60
7.50
7.04
7.42
4.09
4.94
6.28
6.35
5.69
5.57
6.84
6.05
4.05
3.08
2.68
4.76
4.01
4.88
4.70
4.33
4.78
3.85
8.83
1.72
3.34
6.67
5.80
1.95
8.49
5.63
3.44
