4.28
6.00
2.90
5.85
3.44
6.56
7.00
4.44
3.27
5.67
8.11
3.44
2.32
5.03
2.74
4.25
3.45
3.97
6.26
9.42
7.62
5.50
6.43
7.21
5.51
2.90
5.71
3.40
2.21
0.77
4.51
5.02
7.44
3.69
4.51
5.79
5.08
10.2
8.85
2.92
1.42
4.39
3.06
11.5
2.38
9.96
4.48
6.19
6.87
8.32
2.60
3.87
5.28
4.81
2.65
7.60
7.39
2.97
4.88
2.03
5.81
5.95
3.69
5.25
0.67
5.59
5.23
5.28
5.33
7.62
7.34
8.30
7.22
3.55
5.92
7.73
2.89
6.68
5.49
0.81
7.62
5.31
5.91
3.10
4.84
8.58
3.73
4.56
4.28
6.14
2.80
3.50
7.82
4.80
3.76
3.78
2.43
2.69
6.24
4.27
4.67
4.70
5.33
5.47
2.57
4.32
4.60
4.94
6.04
5.40
5.06
4.62
4.31
5.50
2.80
6.82
2.71
5.98
8.17
3.26
