3.69
1.99
5.46
5.98
4.72
7.96
3.99
3.68
5.23
1.80
1.71
5.96
4.52
6.13
3.40
4.65
5.62
7.19
3.45
7.51
7.42
5.98
6.02
3.11
3.17
4.38
0.90
4.69
4.99
5.08
2.27
6.63
5.20
4.10
3.88
4.84
5.59
6.31
6.02
4.90
5.85
2.43
4.88
2.19
0.13
6.79
5.52
5.83
8.67
4.64
1.99
7.54
8.26
6.23
3.48
4.59
3.57
4.11
7.96
4.73
2.83
8.32
7.06
6.74
4.79
3.37
6.63
6.87
0.92
6.07
4.71
7.70
3.47
5.14
5.30
6.53
9.17
7.13
6.64
6.25
4.94
5.32
8.28
4.45
6.98
9.83
4.69
5.73
7.31
6.51
6.17
4.16
7.63
2.63
6.38
5.91
7.44
5.47
5.35
6.34
8.97
4.36
2.35
5.52
4.83
5.25
6.26
2.73
3.00
4.19
4.87
0.78
6.04
7.11
3.66
3.88
8.18
8.88
3.86
6.42
