2.55
4.71
4.47
3.66
3.50
2.79
4.25
3.69
4.99
4.69
1.29
5.20
5.63
2.86
4.72
6.79
6.14
6.21
5.12
4.23
3.08
5.47
6.50
5.33
8.55
3.39
6.03
6.43
4.61
2.80
6.37
2.05
6.70
1.68
5.25
3.28
6.62
10.1
9.33
2.23
6.29
8.62
3.22
5.52
4.20
3.09
3.71
4.11
6.23
3.15
4.03
5.63
6.94
2.52
5.69
8.84
5.98
3.77
4.03
7.58
4.53
7.37
5.67
3.14
6.02
9.06
6.34
7.29
2.34
5.09
5.73
2.90
0.18
3.77
3.74
4.44
6.66
7.30
2.35
4.01
3.09
4.70
3.27
4.25
9.73
2.76
6.21
3.41
2.87
4.90
3.95
7.30
4.38
4.03
5.96
3.57
6.30
2.96
6.64
1.47
1.75
3.39
0.46
4.88
9.87
2.95
3.53
5.43
8.34
0.23
2.00
6.92
6.97
7.09
9.05
6.01
5.29
4.69
2.74
5.88
