5.47
2.58
5.23
4.17
5.46
2.43
8.66
4.72
6.14
4.80
3.59
7.96
3.92
4.17
2.17
4.28
5.98
5.92
2.44
3.71
4.60
3.31
2.64
6.77
2.71
3.17
0.47
3.27
6.22
5.37
9.60
8.56
4.65
4.70
5.29
4.98
6.13
3.87
7.46
5.12
0.96
7.35
6.76
4.11
6.14
4.97
5.79
4.17
2.94
5.63
0.83
5.19
6.10
1.28
4.28
6.89
7.66
6.71
4.20
1.05
4.07
2.65
6.75
7.03
5.09
6.98
7.40
7.53
6.30
5.22
0.19
4.78
3.15
6.76
7.50
6.01
2.47
5.15
6.67
7.41
6.74
3.53
3.21
5.03
3.53
5.03
2.56
6.06
4.75
0.83
3.22
4.50
1.75
7.59
5.79
0.30
5.77
0.76
5.04
4.14
3.55
8.63
6.67
9.03
6.81
3.81
8.21
3.20
5.61
1.48
4.73
4.31
8.12
5.24
4.16
4.81
6.18
5.24
3.93
4.27
