4.64
5.93
3.89
5.56
6.18
4.64
3.91
7.97
6.40
5.94
3.35
7.43
2.39
6.50
3.37
3.26
7.25
1.23
8.03
4.54
2.43
4.61
4.51
3.90
6.75
5.24
6.77
4.18
7.43
6.72
7.97
3.09
5.04
6.16
3.41
1.97
6.66
1.23
5.92
4.11
4.43
5.18
5.61
5.08
5.70
6.13
0.97
3.06
4.43
3.20
2.18
6.71
7.10
10.0
1.43
2.84
5.18
6.97
4.85
3.39
2.80
8.74
3.99
3.93
7.80
5.37
3.74
5.44
2.95
8.69
5.07
5.94
6.19
0.54
5.66
5.29
2.82
4.78
1.33
4.27
0.89
4.03
4.79
2.64
2.09
5.37
6.39
2.59
4.06
3.07
7.97
6.23
4.03
6.56
6.32
4.01
4.09
3.11
5.29
6.08
6.71
3.85
4.84
5.51
8.91
4.31
9.61
4.22
6.94
6.36
4.32
4.85
4.74
4.78
4.56
6.27
3.14
4.75
6.29
3.51
