2.83
4.31
1.50
5.49
5.23
2.31
3.57
6.92
5.89
5.88
8.70
2.12
4.25
5.66
4.41
4.04
5.82
5.56
5.62
4.79
6.13
4.62
6.47
4.99
5.05
7.05
4.34
9.01
3.60
3.26
6.82
4.25
2.79
5.46
7.75
3.01
5.17
3.74
4.57
2.08
7.18
2.57
4.88
0.42
3.55
6.98
7.35
5.39
5.00
3.41
4.43
5.18
6.60
1.05
4.95
8.36
5.91
2.99
2.02
7.27
4.60
1.10
4.59
4.70
5.35
6.17
4.06
7.56
4.63
9.19
3.72
5.07
6.41
4.52
6.24
5.90
5.71
4.50
6.80
8.97
4.82
3.86
6.14
4.40
4.53
7.40
5.60
7.19
4.82
3.90
6.67
3.17
8.14
5.99
7.80
3.50
4.94
5.40
6.47
4.59
5.02
6.06
5.08
4.99
2.25
3.54
8.40
5.58
3.92
4.80
2.35
4.66
5.56
4.85
4.16
8.09
2.94
4.36
3.66
3.24
