6.61
6.98
5.76
4.42
6.06
3.83
2.64
7.97
3.88
5.83
6.16
8.56
4.72
3.60
7.76
5.17
5.93
2.09
1.33
3.07
2.26
4.49
3.97
3.55
3.11
4.94
5.19
3.89
6.18
4.22
1.88
3.75
4.25
1.51
7.56
4.48
1.62
8.99
8.32
3.61
3.00
5.84
8.20
4.93
4.33
6.05
7.43
4.38
4.64
8.55
5.31
2.85
3.25
6.58
1.25
4.02
7.32
3.52
9.55
6.06
6.34
5.74
2.95
5.17
3.18
5.45
5.52
3.81
7.76
4.18
3.02
3.11
8.41
1.25
5.83
6.61
4.77
2.91
4.97
6.83
4.07
6.57
7.23
6.85
2.58
6.67
7.05
4.74
4.70
7.05
4.10
3.65
4.65
6.48
3.52
3.91
5.69
2.49
1.84
4.64
2.53
9.05
5.05
10.8
4.39
4.90
6.69
5.11
6.84
7.26
7.61
4.34
5.14
1.93
6.09
2.41
4.13
2.74
6.47
5.71
