4.73
4.48
5.21
6.59
5.89
5.64
4.72
6.45
4.83
5.70
3.36
6.09
4.63
6.91
7.14
6.99
2.43
6.66
3.45
4.77
0.67
3.70
3.97
6.72
6.20
5.74
2.84
5.80
5.18
8.43
3.76
1.85
4.28
7.24
6.64
4.54
6.92
5.31
5.77
7.55
8.93
5.17
5.94
5.11
6.05
6.34
6.53
3.19
5.29
3.43
4.61
4.74
5.44
5.27
4.55
6.45
5.11
3.76
4.73
4.57
5.00
7.15
6.94
4.06
3.49
2.27
3.06
3.50
6.92
9.47
2.45
2.70
3.53
4.65
6.41
5.53
3.38
5.61
2.69
2.83
3.43
1.96
6.32
3.75
6.32
6.08
6.92
7.21
4.32
2.46
7.34
5.28
5.49
2.40
5.86
3.90
4.56
4.09
3.10
4.85
2.91
6.53
4.08
3.70
8.14
6.70
2.00
4.86
4.62
5.43
5.29
5.59
3.30
6.62
6.08
4.90
2.23
8.01
7.28
3.93
