5.99
3.07
4.03
8.53
6.98
2.68
3.05
4.62
0.61
1.64
5.52
2.33
4.16
7.05
8.08
5.92
6.72
4.85
2.55
1.16
4.76
4.03
5.08
5.12
5.45
2.39
3.21
7.75
3.13
2.01
4.92
4.43
7.01
2.42
5.71
6.53
8.52
6.89
4.67
6.81
3.15
7.02
5.91
4.02
8.65
5.22
6.02
5.84
5.59
5.26
4.99
0.64
3.85
1.74
1.02
7.70
3.16
8.53
3.46
5.69
3.41
5.83
5.82
3.01
3.71
3.45
2.30
7.11
2.71
4.19
6.24
8.13
8.14
4.62
8.69
2.09
5.50
6.35
6.93
5.91
2.12
6.72
7.96
1.61
5.11
3.90
2.36
7.71
5.21
3.77
3.10
7.37
8.33
6.38
5.72
6.93
7.44
4.21
5.19
2.79
5.90
3.05
1.78
8.26
3.94
5.33
5.42
0.66
6.47
4.60
3.88
2.86
9.18
3.60
7.73
4.09
3.81
4.02
3.68
4.96
