4.07
7.86
2.85
4.30
3.55
5.22
7.57
3.25
5.17
4.89
4.37
2.62
2.66
4.84
7.94
3.86
2.90
5.60
3.49
6.31
4.12
5.63
3.71
3.36
5.15
2.33
2.03
4.43
6.19
7.67
6.13
7.81
2.59
6.53
3.37
4.12
8.02
4.70
8.98
6.02
6.43
3.60
2.55
3.87
7.00
3.35
7.14
5.79
6.66
5.17
8.79
5.33
6.17
3.15
7.91
6.05
5.28
7.29
9.38
4.99
7.74
3.37
9.20
8.90
1.80
3.05
5.21
5.63
3.45
1.24
7.28
8.50
5.01
4.01
3.31
6.03
5.17
2.92
0.36
4.20
3.77
5.78
2.78
5.79
4.07
7.78
5.14
3.43
4.81
2.69
3.70
4.70
3.17
3.18
7.17
4.70
4.39
4.99
4.01
9.31
4.97
6.47
1.67
3.20
6.31
6.08
1.40
4.28
6.17
6.45
4.25
4.21
4.23
3.73
3.28
4.27
5.40
6.37
6.61
0.75
