5.17
0.70
1.61
2.87
5.17
2.72
2.87
4.55
6.05
3.58
7.81
1.22
4.89
3.69
3.41
4.40
0.88
7.99
3.68
0.53
3.33
1.80
6.82
6.56
2.16
5.05
3.97
6.79
4.76
1.18
1.48
6.09
7.45
7.00
7.39
5.62
5.59
5.34
5.99
1.97
2.25
6.09
6.52
5.99
5.92
3.19
1.78
5.37
3.24
3.94
3.77
5.65
3.64
3.82
8.42
8.58
3.91
4.60
4.86
10.4
2.93
5.21
6.65
5.58
4.99
3.35
3.22
8.10
5.94
3.15
4.32
6.48
8.59
3.25
3.69
6.38
2.47
4.05
5.31
4.83
5.55
4.95
6.07
6.67
5.11
3.40
6.39
5.36
6.21
6.94
2.98
2.82
5.52
6.02
2.61
5.01
6.89
3.78
2.49
4.93
5.40
4.90
6.10
6.29
2.37
4.99
5.69
3.59
4.67
4.47
5.56
4.93
4.14
3.72
6.31
5.61
5.65
4.22
4.98
6.12
