6.52
9.08
6.28
4.10
4.84
7.05
2.28
4.37
6.15
4.23
7.16
8.03
1.15
5.61
9.22
6.07
1.27
8.22
9.45
4.09
8.81
6.02
7.75
4.77
5.51
7.29
3.73
8.36
4.59
4.90
5.34
8.10
3.07
5.07
5.69
4.73
6.55
4.21
3.56
5.13
7.07
3.29
7.08
2.80
6.16
7.48
6.86
5.77
5.74
3.32
7.08
5.07
7.61
0.63
6.02
7.96
2.61
3.42
7.41
7.94
6.96
4.15
3.45
9.19
6.37
5.62
3.74
5.19
3.99
5.58
2.29
3.32
4.99
5.27
2.97
5.84
5.76
1.26
8.51
5.84
5.23
4.17
7.69
5.21
2.44
3.33
6.93
5.76
4.63
6.19
7.55
5.62
5.85
5.53
7.46
7.29
4.25
1.04
7.94
3.05
9.34
6.07
1.35
4.11
5.61
5.16
2.65
4.11
2.84
4.89
5.84
5.31
7.31
7.55
4.98
7.46
8.04
3.91
5.46
6.04
