5.19
5.55
5.07
3.30
3.45
7.84
2.13
8.20
4.31
6.02
6.00
1.87
3.46
7.97
4.26
4.59
6.35
0.30
5.17
1.09
8.42
5.73
5.17
3.86
7.47
3.06
6.26
0.73
5.93
4.52
3.05
5.51
5.27
4.74
3.65
4.75
4.76
7.44
3.32
7.18
3.03
4.67
4.08
3.29
6.67
4.76
6.81
6.47
4.96
6.06
3.89
0.16
1.80
6.12
4.91
3.89
3.98
3.27
7.78
4.77
9.32
3.57
2.30
2.29
5.41
2.71
3.78
4.82
4.83
3.44
5.96
8.47
3.76
5.26
3.41
3.50
3.63
4.29
4.09
3.91
2.77
5.59
3.96
5.78
8.73
7.94
8.27
6.00
6.35
5.15
6.70
6.03
3.60
5.92
4.54
6.11
5.41
5.03
3.84
3.21
0.66
4.40
6.96
1.20
4.79
5.92
5.28
5.03
2.40
4.24
7.62
4.44
3.58
5.50
3.84
4.93
3.70
5.18
7.68
5.99
