4.41
1.29
2.53
6.95
7.18
9.01
6.30
3.35
5.96
4.43
7.22
3.99
5.73
3.60
2.96
4.52
6.77
5.07
6.09
7.29
6.15
5.19
2.18
6.44
5.19
4.86
3.30
5.56
1.73
3.87
8.59
5.69
2.65
8.99
3.61
3.55
1.59
6.87
4.16
4.81
3.25
6.26
5.06
5.33
6.30
8.92
4.18
6.60
6.29
4.89
5.62
7.16
4.04
5.65
4.24
6.53
5.59
0.09
5.27
6.07
9.61
0.63
8.05
6.05
5.27
6.96
2.67
4.42
3.36
7.85
3.04
10.4
4.29
5.67
7.69
3.58
2.92
6.39
5.40
4.85
3.37
8.08
2.81
3.83
4.94
4.29
5.99
1.44
5.25
6.07
5.68
5.95
4.26
6.74
3.78
5.39
4.37
4.37
5.15
4.13
6.72
6.17
4.63
5.22
5.46
4.39
3.84
0.93
4.65
5.68
5.72
5.08
6.33
4.05
4.64
3.17
5.46
6.86
7.37
2.37
