3.50
7.88
9.57
6.38
8.20
3.34
6.12
7.94
6.00
2.42
3.55
4.81
7.23
4.77
8.80
5.35
3.35
4.64
4.84
5.95
9.55
6.67
3.12
8.65
7.22
4.13
3.86
4.95
7.15
5.34
4.26
1.68
6.27
5.44
2.32
7.69
4.44
5.66
3.81
2.56
4.66
3.73
1.16
3.04
3.30
6.95
3.23
5.16
4.11
7.64
4.53
3.55
5.71
6.98
8.08
6.32
2.37
5.29
4.19
4.28
7.45
6.71
1.67
5.70
1.90
6.02
7.22
7.07
4.08
4.46
5.38
4.46
1.71
3.83
5.40
7.83
3.76
4.92
5.18
3.94
6.76
5.75
10.1
6.29
3.40
9.20
7.75
2.18
6.05
5.16
4.18
5.36
5.37
4.02
6.42
6.11
6.04
4.62
5.04
0.65
2.33
1.22
5.40
5.44
5.95
9.55
4.40
5.88
8.16
4.94
1.28
6.10
0.52
5.11
6.39
6.83
4.10
3.81
4.56
5.97
