4.22
5.48
2.75
3.72
5.18
6.63
6.86
5.27
1.62
4.38
4.51
6.06
4.97
1.81
4.83
7.47
6.95
2.10
5.55
1.87
4.92
4.51
7.53
4.00
6.31
6.74
6.17
4.74
6.26
3.54
5.32
2.77
6.96
6.11
7.90
4.09
4.66
3.61
4.78
5.98
6.28
3.25
7.22
4.65
5.87
4.66
1.49
5.18
2.14
5.71
3.86
3.52
4.17
9.03
5.93
1.96
6.13
6.06
4.78
8.37
2.66
4.39
1.87
5.74
3.81
4.47
7.44
2.41
6.39
0.70
3.56
4.28
4.45
5.92
3.32
4.64
4.72
4.02
5.04
4.14
5.91
2.27
3.84
4.30
6.39
4.34
6.57
6.76
3.14
4.03
5.72
5.13
6.86
4.25
3.51
6.66
4.49
2.69
5.42
5.99
4.92
1.28
8.35
2.95
5.21
5.85
2.79
7.83
1.86
4.65
6.23
2.94
6.82
3.71
4.14
6.23
5.83
4.26
2.82
4.56
