8.30
2.72
5.86
6.16
3.20
7.30
2.55
3.74
4.52
4.61
7.26
4.35
6.24
5.98
5.24
4.12
4.66
8.63
8.09
6.09
1.63
4.71
7.98
3.81
8.33
0.50
9.06
4.84
5.27
7.79
5.60
5.71
6.64
6.53
6.47
4.74
3.11
4.87
4.91
6.05
5.37
2.62
7.85
6.37
6.44
3.43
4.95
5.46
3.33
5.20
3.74
4.99
3.46
6.99
5.98
6.00
3.55
5.55
5.32
5.96
1.71
2.73
6.75
3.21
1.05
3.11
6.61
6.92
7.29
4.90
5.94
2.89
5.37
8.84
7.68
0.07
4.24
7.19
5.47
7.26
4.75
0.58
3.98
6.13
3.54
7.53
2.65
3.14
5.90
4.47
3.68
3.15
6.79
3.45
5.49
3.62
7.95
7.20
4.89
6.47
8.07
2.21
2.79
4.53
7.69
2.93
3.56
6.22
5.97
2.51
1.22
4.74
6.98
4.53
7.06
5.24
7.89
6.67
2.88
2.80
