10.2
5.99
3.15
3.83
8.53
2.87
4.01
5.58
6.84
3.16
4.32
6.23
3.72
7.46
6.09
3.31
7.84
3.13
9.16
6.75
5.43
4.63
5.20
7.02
3.61
3.30
5.99
5.15
4.67
4.25
10.7
4.36
5.71
8.76
5.15
6.29
4.25
3.29
1.84
4.89
6.69
4.49
7.64
8.76
6.88
5.97
5.32
4.43
4.83
6.37
9.20
6.35
2.34
5.35
4.89
3.69
6.42
4.83
6.16
7.06
8.15
5.27
5.71
8.25
5.29
6.23
2.23
4.19
5.13
6.99
4.03
4.78
7.13
3.31
4.14
4.97
3.35
1.76
1.79
8.22
5.62
2.89
6.39
2.78
4.36
4.36
0.92
3.92
2.12
7.83
3.32
5.61
4.58
3.04
5.59
8.59
5.98
4.51
4.96
6.54
5.44
6.17
6.90
3.59
5.00
6.60
0.87
6.80
2.98
5.92
7.72
5.25
6.02
6.16
4.47
4.84
6.31
11.4
7.65
6.70
