8.18
1.48
2.02
3.85
7.19
4.34
4.46
1.46
3.15
6.64
4.31
5.56
6.54
4.52
6.18
6.12
4.88
6.18
4.36
5.96
4.42
8.03
3.14
4.54
3.32
2.63
7.35
3.93
9.14
3.32
5.65
3.00
7.72
0.43
5.94
6.24
0.14
2.20
7.61
7.21
3.67
5.91
5.82
8.05
4.36
6.98
4.79
4.34
6.91
9.52
4.99
6.70
3.63
5.76
1.53
5.36
7.81
5.69
5.48
6.15
7.01
2.86
3.19
4.96
6.46
3.09
7.20
4.17
3.70
9.35
4.77
5.85
2.83
6.54
10.2
3.88
1.31
3.92
4.43
8.48
4.70
6.41
3.21
4.19
1.91
4.06
5.51
5.38
4.90
5.90
5.01
4.24
3.37
5.75
5.78
4.65
6.35
5.82
4.30
6.81
9.38
6.88
2.32
3.99
3.97
2.58
5.48
3.08
4.45
6.12
6.93
4.68
6.02
4.89
6.82
4.33
6.07
3.71
6.33
3.61
