4.16
8.51
6.58
8.24
2.76
8.66
3.89
3.63
3.75
3.86
4.67
2.77
6.13
5.02
5.41
6.01
7.39
1.87
6.85
6.77
1.80
3.58
3.73
2.93
8.15
1.37
4.12
5.22
8.63
8.16
1.58
7.97
7.80
3.02
5.05
5.83
8.21
4.00
3.80
7.30
8.16
6.48
5.72
5.81
4.93
2.87
7.90
5.33
1.90
3.75
5.41
4.49
5.10
3.58
7.91
5.63
6.94
7.18
5.04
5.45
0.56
4.24
6.44
3.28
7.62
5.63
9.22
5.77
1.48
3.39
3.12
7.07
2.10
9.49
4.51
6.51
5.92
6.20
4.37
6.43
3.79
9.68
7.25
4.27
3.53
2.50
3.23
1.21
6.55
6.29
3.83
2.93
5.02
5.78
4.47
4.54
5.58
1.78
3.55
3.62
3.46
0.44
4.16
5.22
6.33
5.63
5.97
4.25
1.20
2.50
6.74
4.44
4.94
2.36
4.84
7.37
5.04
5.19
4.10
6.49
