3.50
6.81
7.29
1.72
3.70
5.06
2.04
4.28
5.99
6.23
5.57
3.86
3.00
7.07
5.62
4.97
6.71
2.52
2.99
6.16
2.80
5.07
9.14
4.03
7.66
8.11
5.05
5.51
6.99
5.70
7.67
4.34
3.27
8.81
7.35
3.58
5.49
3.51
5.63
6.95
3.51
5.65
6.78
5.93
4.50
2.96
2.85
7.45
6.57
2.76
8.77
5.04
0.73
7.92
4.99
6.91
3.71
4.59
6.91
1.20
6.24
5.44
6.36
4.96
5.28
5.57
5.40
8.48
4.87
3.37
1.15
6.29
4.44
4.77
4.01
5.03
2.67
5.52
2.49
6.37
5.92
2.64
4.04
6.67
5.37
3.06
6.24
4.54
5.43
4.84
4.10
2.76
4.66
3.59
5.76
3.98
8.24
7.57
6.21
5.16
6.07
4.30
7.13
5.47
3.77
7.07
4.93
8.12
6.26
2.99
3.85
6.72
2.38
7.97
1.52
3.55
3.90
3.91
2.76
2.40
