5.94
4.23
4.68
3.63
5.52
1.69
6.03
4.68
1.19
3.32
5.02
7.31
6.05
5.68
4.90
7.70
7.65
3.44
4.59
7.75
3.35
2.30
5.59
4.50
5.82
6.65
7.15
7.40
5.05
3.86
7.14
5.17
4.49
4.50
6.11
6.36
3.13
2.88
8.07
5.21
6.42
5.17
2.99
3.80
5.80
4.18
4.40
7.19
8.89
7.74
4.22
9.17
6.27
2.08
1.14
7.87
5.34
7.25
8.32
3.82
3.77
6.06
3.74
5.98
7.20
5.40
7.23
5.83
1.76
9.13
5.01
3.30
2.59
7.77
7.31
0.28
5.64
4.63
4.42
6.67
5.69
3.81
3.42
2.54
2.90
5.26
3.84
8.92
2.22
7.14
4.62
5.51
3.51
2.36
8.78
5.24
6.94
3.89
3.56
5.38
4.05
5.79
2.68
6.18
2.09
5.03
3.86
10.7
3.44
5.29
2.89
4.30
1.07
3.13
3.43
3.67
5.74
2.95
1.50
5.80
