7.82
4.24
6.97
7.86
3.98
6.29
5.19
4.48
3.59
5.74
4.53
4.95
3.85
3.94
7.10
7.02
3.35
2.10
5.16
5.61
5.23
1.71
5.95
7.03
4.26
4.59
5.53
4.78
6.13
6.30
2.87
8.79
5.20
5.90
4.08
4.70
6.17
4.63
3.32
7.20
2.42
5.67
4.43
1.76
0.81
3.91
4.09
1.27
6.53
2.89
6.63
3.33
3.28
6.93
4.99
6.49
8.95
5.04
4.12
3.16
5.80
2.16
4.93
4.27
7.31
6.85
2.92
4.75
5.45
3.68
6.98
4.87
3.75
2.75
3.28
3.82
6.07
1.70
8.44
2.15
5.63
6.23
2.49
7.65
4.91
4.79
2.26
4.18
4.63
8.49
6.68
3.23
5.69
4.81
3.62
4.25
2.70
3.25
1.30
4.14
4.70
1.86
4.90
4.84
3.92
1.86
5.41
4.22
6.17
6.69
6.38
3.70
3.15
3.73
2.35
6.95
4.79
8.53
3.05
4.95
