5.27
0.67
5.23
4.94
7.91
6.72
2.12
5.63
6.19
3.47
2.53
5.78
4.24
0.90
7.28
5.38
2.79
0.44
3.52
0.78
6.95
4.74
5.75
3.29
5.22
3.93
5.63
5.90
6.41
3.57
6.00
9.22
7.68
7.51
3.94
2.32
7.18
6.97
4.58
5.03
6.38
8.48
7.88
1.74
7.58
4.91
2.13
3.34
6.18
3.03
3.84
4.63
8.57
4.19
9.81
4.91
4.51
3.60
5.35
3.69
5.15
7.43
4.88
10.6
4.21
7.54
2.10
4.45
5.88
8.33
2.92
2.24
3.53
8.30
4.56
9.03
5.35
7.56
2.61
6.36
8.15
2.34
2.77
2.12
0.02
5.38
4.24
5.51
5.49
5.32
3.15
4.74
2.98
8.20
7.24
4.70
6.40
3.85
2.10
7.45
3.09
7.79
5.87
3.15
6.33
8.80
7.32
1.16
5.10
4.58
7.15
6.05
7.99
5.87
4.74
5.25
8.67
1.79
6.75
6.69
