0.55
5.35
5.89
4.95
4.73
11.3
3.41
2.20
2.69
5.08
4.41
3.70
7.23
6.39
7.11
6.36
5.16
5.75
2.36
4.95
6.78
4.25
3.30
4.52
7.84
3.29
3.82
4.61
5.61
6.51
9.47
7.76
5.27
5.22
4.11
3.83
6.03
4.14
3.03
5.83
9.54
5.63
3.34
3.39
1.64
3.06
2.41
4.44
7.24
5.59
1.95
10.5
3.45
5.79
5.49
4.68
5.34
4.50
4.63
3.56
6.77
4.83
5.64
6.66
7.42
1.64
4.67
7.37
2.82
6.32
6.13
0.22
6.36
4.34
4.20
6.23
4.06
7.27
4.62
6.53
4.63
3.17
7.21
2.75
2.77
0.95
5.36
7.87
2.33
6.24
7.33
6.43
4.64
7.76
4.44
5.74
6.50
1.75
6.96
6.84
6.09
5.35
5.14
6.27
1.73
4.41
4.55
3.46
6.98
3.61
4.10
4.65
6.27
4.68
3.17
6.64
8.13
6.42
4.95
6.04
