6.60
6.36
7.32
4.95
5.70
4.19
8.27
6.12
5.10
2.69
5.14
6.50
5.50
2.66
5.15
4.90
4.24
5.78
4.33
5.45
6.77
5.41
8.33
1.67
4.06
6.18
6.22
2.04
5.61
6.46
4.95
2.43
6.78
2.87
6.25
3.07
6.01
2.57
0.84
5.46
2.97
1.88
2.83
7.97
5.98
1.53
4.48
6.90
5.16
4.12
4.79
4.77
4.43
3.27
5.30
8.57
4.37
5.51
4.68
4.53
0.38
3.52
1.59
5.97
3.83
3.24
3.53
5.73
4.75
2.55
6.35
2.40
3.37
2.69
3.96
4.83
5.26
7.92
4.76
5.17
2.83
3.07
2.00
3.03
8.32
6.02
8.92
2.18
3.34
8.47
5.96
3.59
5.93
7.33
6.52
0.29
5.99
5.39
1.94
1.97
2.85
3.80
4.28
5.22
5.73
0.89
3.31
6.82
6.23
3.80
4.63
3.68
5.79
6.68
2.36
5.43
4.27
5.37
5.15
2.00
