4.76
3.31
7.41
1.37
4.87
7.60
6.77
7.47
6.55
6.05
3.43
4.50
6.27
4.52
9.62
6.82
2.92
5.24
3.30
5.85
4.37
3.74
3.61
6.91
4.40
5.65
5.08
6.43
3.16
2.35
7.31
5.23
4.65
2.41
6.82
6.39
0.99
7.61
6.15
7.85
4.45
6.98
6.72
2.25
6.96
4.90
3.85
2.77
2.07
9.31
2.71
6.50
4.34
3.91
4.97
7.03
3.21
4.33
2.52
4.30
2.06
7.77
1.74
7.17
4.83
2.48
3.62
8.74
7.47
5.62
2.70
7.77
4.68
2.37
1.44
7.59
4.25
9.02
8.05
3.48
3.58
4.61
7.02
6.40
4.43
7.40
6.12
8.18
2.43
4.17
3.98
4.62
7.97
6.95
4.16
7.85
4.97
3.81
5.16
5.31
4.31
5.49
4.99
3.14
4.01
3.57
4.58
1.52
7.03
7.12
7.02
8.14
1.17
2.81
3.12
4.94
5.77
5.54
5.72
4.11
