7.05
2.29
4.78
5.24
6.96
5.43
3.76
3.93
3.76
5.27
2.92
4.89
4.38
5.93
8.41
7.01
8.04
4.04
3.49
4.05
6.97
11.1
4.92
8.16
3.26
9.39
2.17
3.13
6.25
2.24
7.00
1.97
5.97
5.21
1.57
4.94
5.54
3.24
2.40
5.40
6.81
5.20
3.93
7.62
5.35
3.26
2.61
4.88
3.17
6.23
4.86
4.62
7.10
5.13
4.83
2.13
5.81
3.59
3.21
3.52
7.03
5.30
4.18
5.61
4.78
4.95
3.64
2.40
4.90
5.30
1.12
5.89
4.87
6.40
5.76
6.57
1.83
5.82
8.05
7.06
3.61
7.14
3.70
5.54
7.46
6.95
5.42
9.03
8.12
1.66
2.17
3.78
5.37
3.51
5.45
1.79
6.78
7.99
4.83
3.82
3.41
3.11
3.90
4.46
4.00
2.23
5.89
1.48
2.65
3.56
6.68
5.38
3.59
6.93
3.32
4.09
6.78
2.41
7.81
8.14
