3.80
5.28
6.86
3.25
7.32
5.26
8.78
3.54
3.89
8.26
3.05
4.05
3.57
6.98
5.37
6.88
6.13
4.52
6.49
2.54
2.53
1.61
4.80
7.02
3.90
4.04
6.86
10.0
3.53
6.31
5.82
8.02
4.78
6.30
7.89
7.05
8.59
7.82
3.61
3.36
8.49
5.05
7.13
6.47
3.31
4.23
3.02
4.15
3.32
5.21
4.63
5.89
0.95
6.93
4.57
6.90
10.2
3.37
5.34
6.47
4.27
5.26
8.91
4.56
3.97
0.73
5.34
7.07
7.16
1.74
7.03
7.40
8.65
2.46
3.97
3.63
4.37
6.91
3.60
3.75
6.87
3.15
5.84
6.34
5.87
4.62
8.44
9.97
3.61
3.25
3.73
2.08
4.71
2.28
2.66
6.09
2.43
5.82
3.85
2.31
2.90
3.49
2.23
5.13
2.34
3.94
9.01
4.53
4.07
4.80
4.50
5.99
1.81
6.19
4.55
8.21
0.77
3.33
6.52
3.88
