4.97
6.21
3.56
4.24
8.14
8.04
3.90
5.23
3.65
4.53
4.05
5.65
3.85
2.23
6.10
3.53
3.59
6.39
7.92
4.08
6.93
3.41
5.69
2.72
5.94
2.06
4.95
0.57
2.22
1.86
5.77
7.59
4.74
5.09
5.98
4.02
7.20
6.07
1.91
3.93
3.93
2.82
3.85
3.91
3.69
6.10
7.14
1.95
1.97
5.82
5.63
5.51
5.82
3.48
6.70
5.67
6.11
7.50
2.89
5.13
4.45
6.08
5.96
3.17
7.14
1.06
6.80
4.37
5.88
5.56
4.73
4.16
6.40
2.30
2.52
5.20
7.50
0.23
7.48
0.45
4.41
7.35
3.93
3.31
6.45
5.62
4.26
5.92
5.41
4.29
4.67
0.47
4.25
8.57
8.40
7.77
4.35
3.27
5.00
7.89
3.65
8.86
4.92
6.39
1.44
3.85
8.05
7.03
6.50
3.42
5.50
2.03
3.77
6.40
4.33
0.65
5.31
6.29
5.79
5.62
