5.39
3.08
1.25
7.37
4.40
4.69
8.77
3.38
1.09
3.66
4.87
2.15
6.75
2.73
1.96
8.34
2.05
5.18
4.34
5.37
1.49
6.33
5.90
0.82
6.24
3.47
4.79
4.25
4.89
8.42
5.78
4.88
5.84
9.38
6.51
2.84
4.79
4.08
3.70
6.06
1.19
4.69
4.17
5.30
5.50
2.65
8.04
4.37
6.41
3.15
1.25
6.86
3.34
5.11
6.32
4.16
8.45
5.37
7.49
4.53
1.81
4.14
2.83
6.08
5.13
7.85
2.46
4.34
7.05
2.71
6.91
2.44
3.50
4.25
4.84
2.63
7.65
4.65
3.41
4.20
6.20
2.32
4.87
5.50
5.15
8.70
6.93
5.79
5.55
4.15
4.04
5.72
3.74
1.23
10.6
0.07
2.05
10.1
7.83
6.58
6.38
5.40
3.51
7.80
3.55
3.13
2.89
4.38
4.60
2.36
6.02
2.93
8.69
4.34
5.84
0.31
0.16
6.22
2.79
5.50
