3.31
4.67
7.26
1.88
9.34
8.99
2.63
5.33
2.57
6.02
4.67
1.95
6.68
7.17
5.42
5.72
5.68
1.53
1.77
6.28
4.30
1.33
7.31
3.26
3.74
5.59
6.39
8.36
3.41
6.34
5.94
4.44
3.42
3.21
5.68
5.55
2.46
7.14
7.45
7.23
9.02
9.47
5.70
10.1
6.96
6.46
7.98
4.88
0.79
4.48
4.57
4.42
3.80
7.13
7.07
3.81
4.95
5.35
1.33
6.14
7.34
3.59
6.24
7.13
4.19
9.16
7.76
3.31
3.44
3.33
2.80
6.84
3.55
2.91
6.66
2.68
3.46
5.80
6.13
4.97
6.45
1.73
4.88
2.87
3.05
8.37
4.96
4.12
2.56
5.36
9.33
3.16
4.83
4.41
3.43
6.56
4.91
1.43
4.23
2.93
6.26
3.17
2.38
5.87
8.15
4.30
2.94
6.63
6.65
2.82
5.45
7.84
2.77
3.87
7.42
4.56
5.68
2.79
7.07
4.94
