5.03
4.11
5.95
5.05
7.97
7.61
4.60
7.49
6.83
3.73
6.24
2.85
6.83
6.91
1.64
5.07
3.75
5.68
6.84
6.29
6.61
4.64
5.73
4.17
4.58
5.37
8.15
3.31
6.47
3.32
4.12
5.35
7.44
0.88
7.81
6.14
4.87
4.88
4.03
6.44
0.75
2.46
3.78
4.63
3.47
8.45
3.93
6.53
5.38
4.82
5.94
7.77
4.19
2.57
5.55
5.47
6.82
4.63
6.97
4.66
6.39
6.59
10.7
2.63
7.41
5.00
5.54
5.13
4.53
1.18
3.45
9.35
3.79
3.18
8.28
5.04
3.08
5.62
5.48
3.25
5.21
5.37
3.72
4.16
7.11
7.27
5.94
1.32
2.62
0.06
4.51
3.99
3.20
2.18
4.43
4.92
0.63
4.01
1.65
6.39
3.24
2.49
4.66
4.31
5.66
6.32
3.70
4.43
7.47
1.89
6.42
1.82
4.38
4.67
9.41
4.65
1.27
4.19
3.88
8.22
