4.33
2.81
5.22
7.64
8.39
6.62
8.23
4.98
3.04
5.76
5.93
0.76
6.08
6.52
5.48
2.92
4.85
6.48
4.68
5.20
5.36
3.11
2.08
1.64
5.86
6.66
2.83
5.23
3.48
3.04
3.73
9.15
2.72
5.53
4.36
0.19
6.76
2.06
7.88
8.85
2.76
2.13
6.69
4.18
9.52
4.18
5.81
4.87
7.26
3.73
9.57
4.71
2.73
4.83
6.99
3.21
3.87
9.45
2.44
6.66
4.17
2.72
7.48
4.84
4.21
2.44
7.39
6.02
8.72
7.66
4.74
4.84
5.32
4.42
1.34
6.29
6.63
4.96
3.85
4.06
7.27
6.89
7.02
1.12
2.83
1.64
6.33
5.56
8.86
3.07
2.95
3.09
5.62
3.59
2.44
5.38
3.36
0.19
5.40
4.06
2.65
6.00
5.62
4.76
7.19
6.38
3.15
4.57
4.74
4.17
3.40
10.2
1.41
6.38
5.89
3.23
2.15
2.81
0.93
3.35
