5.04
4.38
2.10
5.34
5.32
1.95
7.52
4.36
3.83
3.13
6.79
3.51
4.98
5.45
2.84
8.23
5.53
1.06
6.50
3.93
4.53
6.28
4.48
5.64
7.30
3.97
5.49
7.47
5.41
3.77
5.65
6.48
4.99
4.31
5.92
6.05
7.76
6.83
9.89
5.35
8.12
3.19
1.78
5.30
7.09
4.00
5.49
4.26
5.65
5.65
3.93
3.89
7.90
6.41
2.28
3.18
4.59
6.10
5.59
3.20
3.80
5.00
4.09
6.48
4.43
4.10
7.68
4.78
5.04
4.32
3.90
5.31
3.45
3.69
2.59
4.41
6.67
6.16
3.18
5.83
3.94
5.54
3.39
0.56
4.11
8.20
3.22
5.83
1.38
9.04
7.26
4.44
7.26
5.11
6.22
6.41
5.47
4.58
4.57
5.62
7.57
1.49
3.66
2.14
7.11
3.62
6.85
4.98
4.15
7.74
8.22
4.05
6.96
6.51
4.97
2.74
5.05
5.01
5.51
1.45
