3.19
1.77
2.07
3.26
0.49
1.67
2.69
1.03
2.27
2.11
4.33
1.30
0.32
0.99
0.60
2.83
1.10
2.50
2.22
2.47
2.91
2.45
2.74
1.86
1.24
1.13
3.15
2.82
2.47
2.96
1.15
2.23
1.65
1.31
2.27
0.74
1.48
1.51
1.30
1.66
1.78
3.10
1.93
1.08
2.81
2.99
3.73
2.71
1.41
1.78
1.43
1.57
1.17
4.17
1.39
2.10
0.38
2.44
3.02
1.29
2.73
0.92
1.75
1.91
3.12
2.90
1.54
3.01
3.06
2.57
1.63
0.28
4.34
2.65
2.43
2.33
3.04
1.45
3.89
3.69
1.81
2.57
2.66
1.91
0.44
1.40
2.38
1.53
2.21
2.35
1.85
1.89
1.51
2.65
3.65
0.90
1.58
2.26
1.89
1.90
2.10
0.92
2.51
0.16
4.49
1.99
1.74
1.01
1.71
2.02
3.87
0.88
2.18
2.76
2.17
3.15
4.49
0.53
2.09
1.74
