4.90
5.82
3.74
3.90
2.87
6.48
3.26
3.86
3.97
5.03
3.26
2.16
5.42
6.15
4.69
6.89
0.03
4.85
2.95
6.10
7.63
4.42
6.58
2.50
3.99
1.35
1.00
4.31
0.74
5.96
4.97
4.33
4.53
6.87
0.91
4.46
2.46
2.94
4.30
5.60
4.89
8.88
3.16
5.04
1.60
2.12
3.55
2.51
5.11
4.19
9.29
3.56
7.52
8.50
3.33
6.62
7.53
4.88
3.75
6.39
5.99
6.23
4.16
4.67
6.76
6.73
9.22
4.77
6.29
6.19
6.16
7.04
3.16
6.00
1.38
5.89
5.44
5.04
0.48
6.40
3.44
5.25
7.35
4.72
2.25
6.73
3.82
5.30
6.82
2.59
4.89
3.21
3.24
3.53
1.76
4.25
6.68
5.38
3.43
3.50
1.31
3.60
5.68
3.74
4.83
3.12
3.57
6.97
1.86
5.21
5.34
5.16
3.24
8.24
6.03
5.41
5.45
8.50
7.03
4.90
