4.86
6.64
7.62
6.83
1.30
7.12
1.27
3.41
6.90
8.13
4.97
5.22
7.85
5.89
6.69
6.40
4.49
3.00
3.68
9.49
6.91
6.64
4.20
4.93
2.59
7.16
1.38
4.55
3.85
5.93
4.32
3.75
4.38
6.78
1.58
8.13
0.91
4.65
2.11
4.72
8.39
3.91
8.62
3.76
4.45
2.27
6.81
2.30
4.09
2.83
4.51
3.80
3.88
3.93
5.76
2.54
7.94
5.58
5.32
4.60
1.46
4.06
4.69
6.16
4.74
4.03
5.65
2.38
4.21
5.59
3.64
5.31
3.49
8.48
2.86
4.64
2.24
0.87
4.07
3.70
2.19
5.25
4.66
4.05
5.95
2.41
5.80
3.44
3.61
4.00
4.98
6.14
7.47
7.25
5.70
6.92
2.59
4.90
4.82
4.98
3.96
4.21
3.45
4.65
6.33
4.46
7.78
3.63
8.95
10.1
3.56
4.30
7.86
3.00
6.27
6.48
8.58
3.23
3.50
4.91
