3.29
4.10
5.82
5.55
7.83
5.65
6.00
6.42
0.99
5.99
4.49
4.73
4.97
4.94
4.55
1.61
7.34
4.55
5.60
2.96
2.55
6.42
3.97
6.62
6.90
7.53
4.49
3.25
6.10
6.62
7.88
6.83
2.68
5.73
3.48
5.48
2.69
6.60
4.53
7.78
3.29
5.51
5.40
5.43
3.39
4.45
6.02
4.95
6.45
7.08
4.65
6.02
7.44
5.85
5.50
7.05
7.15
4.43
4.43
7.24
4.83
3.82
4.09
7.25
6.20
3.54
3.30
5.53
7.03
5.32
8.86
3.91
1.42
5.87
5.27
5.26
5.02
8.27
5.77
6.45
7.08
4.45
6.64
4.27
8.53
7.72
7.36
6.21
5.75
3.09
5.15
3.14
6.25
5.63
4.41
4.19
5.56
6.87
2.85
4.85
7.56
5.44
4.26
2.13
3.51
3.38
5.64
3.02
7.69
6.30
3.92
9.31
10.0
6.38
5.04
3.44
6.90
2.15
0.84
7.85
