5.39
3.51
3.47
4.12
6.53
5.28
4.44
11.1
4.58
6.95
0.59
3.18
4.26
3.02
2.43
8.27
3.31
4.37
3.19
8.18
6.95
5.51
5.30
4.73
2.24
2.34
2.27
4.15
1.75
5.31
5.25
6.70
5.41
6.48
5.83
5.86
6.04
4.36
4.20
0.98
6.23
6.06
5.16
4.15
7.18
5.19
3.71
5.88
7.17
6.73
3.08
5.06
4.15
1.49
4.76
1.91
8.72
4.35
6.07
1.14
3.50
7.96
6.01
3.78
6.12
4.10
0.27
5.50
7.78
3.50
5.16
8.14
4.90
6.41
5.37
2.82
6.55
3.17
3.73
6.55
7.82
6.35
7.34
6.42
2.52
3.95
5.02
5.98
3.78
3.97
7.91
6.75
5.04
3.44
7.72
6.09
5.41
4.66
7.57
3.58
0.48
7.05
5.66
7.67
6.32
3.65
4.10
5.00
5.35
4.72
3.56
3.92
5.21
8.11
5.67
6.60
7.25
7.71
5.84
7.45
