6.18
6.79
3.29
4.08
4.57
6.15
0.21
6.56
8.59
4.90
6.25
6.15
6.97
8.06
6.84
5.37
9.52
7.60
6.26
6.41
1.63
5.56
5.27
2.20
4.30
5.19
7.51
5.36
2.96
6.19
5.75
4.41
1.41
3.21
5.81
6.52
3.90
4.02
6.13
4.09
4.23
1.88
5.07
5.57
6.35
6.68
2.49
5.73
8.41
5.83
1.86
6.32
5.67
9.07
7.15
2.82
3.36
2.76
7.32
3.35
4.77
7.10
3.28
3.31
2.60
6.38
3.83
6.80
2.57
2.83
5.21
4.40
4.15
0.97
3.09
4.38
4.58
2.84
6.67
4.87
7.20
4.29
6.18
1.78
1.35
5.01
2.16
5.81
6.15
4.08
6.62
5.31
6.26
5.53
5.07
5.08
3.26
7.87
5.00
6.93
3.69
4.25
7.53
2.97
5.16
6.59
4.43
6.76
5.42
4.02
5.14
5.77
4.42
4.60
8.49
2.88
2.41
5.83
5.75
3.68
