5.19
3.56
3.44
5.12
6.04
6.69
5.49
2.79
2.91
3.51
4.90
3.55
2.20
8.83
4.39
2.86
4.96
7.69
4.27
6.87
3.12
4.65
1.68
6.73
4.38
3.59
3.72
5.71
6.06
3.85
4.53
5.55
4.03
6.71
5.11
5.01
2.88
7.77
5.89
6.03
5.80
6.72
2.51
1.11
7.15
6.56
2.82
7.79
3.10
2.69
2.44
6.17
4.33
3.85
3.32
1.60
3.93
2.13
3.56
7.50
7.91
5.33
7.74
7.87
5.71
3.78
2.57
8.35
7.53
4.46
6.74
3.12
4.39
5.20
5.90
4.31
3.34
4.77
5.97
0.41
4.62
3.02
5.51
4.56
6.25
7.30
5.77
6.40
7.16
5.78
3.78
7.20
1.79
2.35
2.79
6.87
8.01
7.46
4.17
4.39
10.2
6.54
6.89
5.38
4.75
0.52
5.59
3.68
0.23
2.94
5.10
1.93
6.90
5.21
3.10
3.10
6.20
8.03
3.04
5.61
