1.91
2.82
1.27
4.47
7.57
6.26
3.38
8.08
1.41
4.40
4.30
4.63
7.05
8.63
6.02
4.57
4.92
5.55
5.24
3.25
4.38
4.31
3.11
3.23
4.00
6.38
6.72
2.73
2.69
5.25
4.39
2.39
4.79
4.20
7.38
0.17
3.40
5.58
1.85
4.74
6.28
3.92
7.46
6.36
4.27
7.30
5.75
4.69
4.92
2.92
4.81
3.06
2.35
7.47
4.13
6.82
2.72
5.95
8.63
1.83
2.84
3.67
3.53
8.78
3.39
8.62
6.04
1.10
3.51
4.51
4.82
4.76
7.06
1.50
4.54
2.08
7.06
2.25
6.05
3.59
8.09
6.70
8.03
4.30
3.95
6.09
5.69
4.68
4.12
3.04
4.88
2.56
3.96
3.90
7.97
4.34
7.06
3.41
4.55
5.26
5.10
5.54
4.63
0.28
7.56
4.18
5.42
1.12
6.97
2.91
1.47
3.38
5.71
5.93
2.56
2.21
4.83
4.75
4.40
6.65
