2.08
6.52
3.80
6.56
4.87
7.22
4.70
2.88
3.65
5.60
7.50
3.76
4.11
2.05
7.17
3.71
7.17
7.56
4.73
6.02
6.94
3.91
5.79
6.27
6.52
7.74
2.50
5.13
4.51
6.10
1.65
4.95
4.96
6.63
5.80
9.20
8.12
9.48
1.83
1.77
5.47
6.92
4.31
6.87
4.03
5.73
2.10
5.40
3.83
7.83
6.90
0.27
8.29
6.11
3.99
5.60
3.96
4.90
4.00
4.76
2.95
3.48
4.38
3.12
6.09
7.06
6.14
4.77
5.06
3.73
7.29
5.61
4.80
4.78
2.60
5.97
5.84
6.83
7.26
3.90
3.10
5.91
3.46
7.65
3.64
3.54
5.21
6.45
5.53
5.88
3.00
6.89
7.18
2.58
5.91
5.34
5.27
5.16
4.89
4.55
1.80
5.42
3.95
4.21
3.66
2.20
11.7
4.13
3.50
2.29
3.91
8.30
7.60
4.76
4.14
8.92
5.71
4.11
3.39
1.00
