5.77
5.49
6.96
5.89
1.09
4.47
3.24
3.91
8.39
6.13
5.66
2.88
4.94
5.22
2.74
5.20
0.47
6.47
5.28
0.63
3.28
4.46
3.55
4.67
7.28
6.08
6.97
4.06
0.92
5.07
3.24
5.50
7.47
5.55
8.43
5.22
6.21
4.96
1.37
10.0
5.14
6.39
5.65
6.35
2.21
2.98
1.04
3.94
4.25
7.26
7.66
0.13
0.10
4.02
2.30
5.82
6.84
5.30
8.92
3.53
7.16
0.84
3.36
8.65
4.13
6.88
6.45
3.07
6.75
6.82
8.55
2.41
9.84
5.23
2.30
6.16
3.73
3.74
2.13
5.17
6.76
7.68
4.63
3.63
3.82
1.60
2.90
6.36
3.27
5.18
6.53
4.41
4.51
4.99
4.58
9.52
9.66
4.91
7.28
1.86
5.71
8.58
4.31
2.74
6.63
4.98
8.12
6.91
4.66
4.47
5.27
5.50
5.97
6.81
1.91
2.46
9.70
0.13
5.05
7.94
