4.12
2.33
5.66
3.41
4.81
2.38
4.30
4.45
1.60
5.71
8.28
5.98
3.18
8.92
3.56
4.55
3.96
8.08
5.39
5.86
1.20
5.00
3.42
2.94
6.05
2.52
9.08
6.81
7.29
7.64
8.50
4.01
2.39
3.96
4.73
4.44
3.80
4.76
7.62
2.48
9.35
2.31
7.42
8.74
4.53
5.42
7.60
6.31
7.85
4.64
4.77
4.89
5.55
4.85
5.03
6.10
4.12
7.58
8.52
5.19
6.15
4.56
3.55
2.72
2.07
2.89
5.33
1.85
6.45
7.41
2.65
4.66
4.86
8.03
4.32
5.51
4.05
8.48
4.83
5.69
5.10
4.04
0.50
6.31
6.24
3.91
5.79
7.63
0.22
3.15
6.72
5.64
4.10
7.58
7.72
6.66
6.85
5.29
4.09
4.98
3.32
7.60
4.75
6.60
3.05
7.21
6.77
4.53
5.70
5.95
8.21
5.26
8.58
4.21
8.48
5.37
6.44
6.24
5.66
0.25
