6.28
6.14
6.96
6.19
6.89
3.28
4.93
4.85
4.23
5.14
6.14
1.50
7.25
3.38
2.71
5.72
8.74
3.17
1.38
5.16
5.93
6.74
3.08
7.44
7.19
7.99
1.72
4.74
5.69
5.42
7.56
3.49
4.19
8.83
1.64
2.11
6.44
2.37
5.37
3.97
5.98
5.53
1.77
8.65
5.84
4.33
4.35
8.70
5.53
5.19
6.63
4.45
0.74
3.83
5.69
2.64
5.84
3.90
2.16
6.52
3.93
2.40
3.65
4.29
6.82
1.28
5.98
2.42
6.57
7.72
4.19
1.90
3.89
5.15
5.80
5.53
4.81
3.93
6.25
6.58
7.98
2.90
0.73
10.3
8.32
3.69
7.07
1.99
5.76
2.78
5.08
9.57
4.77
6.13
2.80
8.78
4.90
8.75
7.17
3.75
3.02
5.89
6.39
3.69
2.42
6.79
2.98
4.30
5.88
6.48
2.66
5.84
6.47
2.97
5.80
2.79
5.92
8.23
8.68
6.22
