3.59
4.12
4.29
4.78
5.28
8.15
3.44
2.86
13.3
4.62
5.15
6.31
5.14
7.12
4.44
3.10
4.77
9.74
4.62
4.12
3.38
4.22
4.94
3.11
3.62
4.16
7.30
5.69
0.46
3.82
10.1
4.99
4.10
1.98
5.19
4.33
5.63
5.15
4.39
5.70
2.37
2.37
4.31
3.88
7.89
7.19
8.82
7.74
4.35
7.78
6.14
6.07
5.34
7.91
4.31
7.03
2.43
6.69
3.63
4.73
7.89
7.25
5.54
3.49
3.35
11.0
3.91
4.75
4.88
5.94
1.20
2.94
0.99
3.45
2.30
3.32
4.83
4.98
5.21
2.05
5.16
6.02
3.40
4.15
6.20
6.04
7.72
5.29
6.01
7.23
5.18
6.74
5.00
5.09
3.15
6.51
6.29
2.12
4.40
6.37
6.82
4.59
3.50
4.57
6.01
7.67
6.52
3.79
3.36
9.58
2.68
7.06
4.07
3.89
2.13
5.66
4.53
8.66
4.03
5.59
