4.88
3.62
6.13
4.96
5.54
6.95
4.98
4.55
1.88
5.32
4.79
4.03
4.07
4.44
4.36
4.59
4.37
5.85
3.39
6.76
1.44
6.39
5.66
6.84
5.09
1.88
9.64
3.54
4.21
6.92
4.83
5.68
4.40
7.24
5.55
8.00
5.12
3.71
5.80
1.85
6.19
6.82
6.48
7.75
6.15
6.39
4.90
2.07
8.14
5.99
3.62
5.97
1.12
7.47
4.25
6.56
6.95
9.05
6.09
1.72
3.84
3.75
4.76
2.23
3.52
2.19
5.25
3.05
5.67
3.71
6.78
3.03
6.83
3.80
5.62
3.59
8.20
3.92
8.78
8.62
5.28
8.10
0.63
0.92
5.55
0.89
3.38
3.52
5.09
2.11
7.37
5.29
4.17
8.89
5.72
4.51
3.29
8.10
5.81
1.88
4.64
3.74
2.09
4.94
6.54
8.52
8.39
4.45
7.52
4.52
4.47
9.70
6.69
6.78
1.68
3.93
0.95
5.66
5.37
6.35
