5.56
3.26
4.81
6.24
2.54
4.79
6.90
2.87
4.10
6.98
5.36
2.10
3.49
5.32
4.58
6.84
7.00
5.79
2.97
3.57
5.40
3.19
6.58
4.88
4.26
3.34
3.79
5.64
4.10
3.51
5.26
5.87
2.28
3.25
2.74
6.03
4.85
2.99
9.18
3.64
3.08
6.33
5.19
4.54
4.74
4.32
5.24
0.63
4.11
7.37
6.59
4.63
3.82
6.11
7.92
5.91
1.57
2.94
8.44
5.17
6.87
6.22
6.69
6.96
8.92
5.18
6.67
5.09
5.10
6.98
10.0
5.55
5.53
6.31
3.37
6.13
7.44
5.02
4.41
1.55
5.22
6.67
3.84
3.83
7.61
1.90
3.05
4.37
6.09
2.73
4.68
5.15
3.84
7.12
5.54
9.34
2.17
7.59
2.29
6.71
3.13
2.73
7.19
1.64
7.52
4.51
5.66
6.22
8.33
5.13
6.18
4.44
3.15
4.79
6.03
3.78
6.10
6.61
8.07
7.45
