4.71
7.15
4.43
3.79
3.72
7.57
1.90
4.82
5.66
5.68
6.98
3.67
6.64
4.08
5.00
8.21
1.08
3.20
4.42
7.04
5.11
6.58
7.21
7.18
7.02
3.32
6.64
4.27
7.35
8.08
3.36
5.18
9.17
5.03
5.31
7.35
6.53
5.80
2.73
4.11
3.12
4.26
5.62
2.60
1.60
1.19
5.66
6.44
0.79
6.58
5.29
7.31
5.51
6.07
6.44
2.93
1.72
6.11
6.87
5.09
4.60
0.51
4.75
9.68
7.79
4.18
3.77
6.12
4.31
3.57
4.65
3.71
1.08
2.02
6.38
5.35
2.87
3.20
6.58
1.73
5.71
7.18
4.77
6.19
4.15
4.03
4.16
3.25
2.39
3.24
3.39
5.87
2.13
3.42
3.15
6.32
6.15
3.91
3.43
7.59
8.51
3.85
2.81
3.43
8.69
4.63
2.95
7.38
6.36
7.67
5.32
3.85
7.32
3.64
6.21
4.93
3.06
5.08
3.83
5.81
