3.69
5.19
4.43
4.23
2.12
5.39
3.45
7.20
1.00
7.17
5.30
6.26
4.55
3.21
4.73
3.38
2.86
5.12
6.91
7.01
5.76
6.50
6.75
3.77
2.22
7.50
5.13
5.72
5.27
2.90
4.60
1.85
6.95
6.67
4.84
5.90
5.03
5.82
3.92
6.72
5.54
8.37
3.93
7.35
5.11
4.70
6.16
3.24
2.64
3.79
3.90
6.06
8.50
5.21
4.45
6.70
6.98
6.20
8.92
9.62
1.35
5.42
2.30
3.42
8.92
7.00
9.24
3.33
2.76
2.79
3.88
4.61
7.37
4.74
2.95
7.76
2.74
4.69
6.60
4.66
3.59
4.76
4.29
4.55
4.36
8.95
4.47
8.31
1.64
5.55
6.70
7.18
5.43
7.66
5.60
7.99
3.14
4.97
4.85
4.67
6.03
1.85
6.60
3.42
1.97
2.75
4.77
3.24
1.26
6.27
7.74
2.52
7.03
4.76
4.78
6.43
7.87
4.98
4.63
3.50
