3.10
6.42
7.38
0.62
2.93
6.85
5.60
6.02
7.67
1.74
3.35
4.84
1.19
4.95
7.05
6.69
6.18
0.87
5.95
3.43
6.61
2.95
2.06
3.12
8.22
3.48
5.40
4.75
2.23
3.27
2.93
5.51
4.07
1.82
5.10
7.59
4.36
3.69
1.83
6.61
4.24
8.10
3.33
2.31
3.62
5.75
5.38
5.62
6.00
3.59
5.25
5.95
5.40
1.05
7.97
5.34
6.27
3.94
7.65
6.00
7.74
5.64
4.95
3.77
3.48
4.39
7.22
6.38
4.78
5.12
8.65
5.23
4.46
2.10
7.00
5.20
7.71
7.02
5.82
3.20
3.29
5.68
6.22
3.07
5.71
5.25
3.79
6.44
3.52
3.37
7.50
2.33
1.98
2.49
3.72
4.22
7.32
4.85
4.19
6.63
2.97
2.99
6.84
7.98
2.85
8.10
3.90
5.42
8.70
1.44
4.71
5.01
5.22
8.45
5.32
6.05
2.11
7.81
4.88
5.42
