4.92
3.80
5.81
5.39
3.96
8.25
5.75
7.58
5.50
3.71
4.67
3.54
4.97
5.81
5.39
7.64
5.97
2.91
6.35
3.31
5.57
6.98
4.73
7.57
2.92
9.68
5.06
3.48
8.10
8.09
9.14
2.79
5.83
5.60
6.37
6.26
7.32
1.92
5.83
4.01
7.95
3.04
6.61
4.23
6.67
4.80
8.08
2.13
7.97
4.86
5.87
7.85
4.85
5.05
5.38
10.4
7.09
4.99
2.77
4.26
5.57
4.36
7.62
8.07
3.35
6.28
4.22
5.79
6.76
1.37
2.89
6.38
5.03
7.46
2.77
5.17
4.24
6.98
10.9
5.48
6.85
5.38
4.25
4.61
4.02
3.03
4.76
4.69
2.31
2.84
0.94
6.64
7.27
2.25
5.22
5.43
6.32
7.93
7.29
4.80
4.53
6.61
3.03
4.23
4.76
3.20
7.31
6.69
6.93
6.18
4.02
5.90
8.13
2.64
5.68
8.72
3.81
10.5
3.85
8.48
