6.78
6.55
9.68
3.95
4.06
6.96
2.55
5.15
3.66
1.93
7.87
4.82
3.71
5.22
4.81
4.85
7.29
4.02
5.75
7.45
8.48
4.52
4.48
2.29
7.46
5.23
0.41
7.78
3.47
4.42
5.99
3.67
6.23
4.74
6.38
4.41
5.24
6.64
8.14
3.50
4.46
2.56
7.03
2.64
1.85
5.36
3.84
3.19
8.61
4.37
7.35
1.71
4.88
2.61
0.81
6.50
3.17
3.67
2.75
6.37
4.68
4.60
4.09
7.57
4.55
2.39
7.44
3.64
7.53
6.02
6.23
6.12
1.85
4.62
1.49
4.04
3.73
8.21
8.08
5.82
2.44
4.41
1.49
4.97
7.69
4.75
4.75
5.79
5.62
4.02
5.74
6.02
5.41
5.75
5.21
5.78
6.76
4.34
4.50
2.12
7.00
4.70
2.60
5.68
8.62
4.07
2.17
4.43
3.30
6.08
3.50
0.43
3.13
2.04
5.63
8.46
5.89
7.65
0.59
5.35
