4.76
7.46
3.44
7.50
0.20
2.43
3.55
3.34
3.74
3.12
9.84
2.70
1.57
0.57
5.65
0.95
5.11
4.54
3.09
4.63
6.58
3.66
2.48
7.18
3.64
6.70
3.88
6.63
5.66
1.24
3.43
0.13
2.98
2.71
5.61
5.49
5.45
8.40
1.98
4.51
9.56
3.36
6.31
9.25
3.86
4.17
5.24
7.59
8.39
3.76
2.20
6.48
7.07
5.07
6.58
5.07
6.80
6.21
6.45
1.82
7.81
5.43
7.25
7.77
6.93
4.73
3.98
8.12
5.46
5.77
9.28
4.26
8.45
4.57
3.49
3.88
5.24
3.63
3.32
7.56
7.01
6.26
4.93
1.56
5.66
5.68
6.26
0.52
8.64
7.30
2.64
4.18
5.09
2.63
6.67
7.56
3.60
2.53
4.32
1.79
5.35
7.85
6.98
6.70
7.65
12.0
3.47
4.60
1.24
4.92
3.14
3.54
7.60
3.73
7.97
6.25
2.27
5.13
2.06
5.67
