3.48
7.74
7.88
8.05
5.77
8.91
2.96
2.89
2.68
3.03
3.07
6.58
5.72
3.84
6.23
3.90
6.82
8.42
7.01
1.64
3.24
4.49
6.41
8.41
5.98
2.89
5.69
6.72
3.04
7.75
0.38
6.02
3.17
6.84
4.55
5.88
4.20
4.56
6.48
4.79
4.75
4.72
5.96
7.63
3.98
4.88
4.90
5.79
3.63
4.74
7.62
5.62
0.50
7.03
2.00
6.12
4.72
9.62
4.67
5.65
3.99
4.01
5.38
5.19
5.01
6.43
5.09
7.31
3.06
4.61
4.28
4.19
6.29
3.37
3.01
4.10
4.45
4.51
5.99
4.50
3.67
7.32
7.08
5.97
1.06
7.52
5.55
3.86
4.64
3.82
3.28
5.48
4.75
7.21
6.18
2.17
6.15
4.86
7.83
7.33
3.79
3.89
6.83
4.26
7.05
4.85
6.80
5.90
4.62
8.38
5.28
5.64
7.25
3.65
3.81
4.30
5.82
4.86
8.36
5.75
