5.41
4.98
7.14
2.98
4.59
2.91
0.88
4.01
6.57
2.53
4.39
2.68
2.68
6.29
8.56
4.96
3.34
6.19
7.39
1.25
5.84
5.50
4.21
1.33
5.76
4.56
5.13
6.13
5.85
5.61
6.87
4.30
4.21
7.47
5.88
6.38
4.71
5.19
3.77
6.43
6.94
2.99
6.46
5.30
4.71
4.75
5.53
3.40
6.55
6.20
6.33
2.42
9.82
4.42
1.94
6.14
4.27
6.42
2.18
3.11
2.60
2.40
3.45
2.83
6.03
2.97
3.62
7.70
5.77
5.22
5.00
3.33
2.12
3.57
5.68
6.13
1.67
6.33
3.98
4.10
6.32
6.91
2.62
6.19
4.93
1.60
3.96
6.77
7.49
7.67
4.31
2.34
3.18
5.49
0.72
5.60
6.81
3.79
3.34
1.57
4.44
4.71
4.00
5.37
7.74
6.16
3.03
3.54
6.62
6.67
3.60
8.11
6.41
4.26
1.79
3.81
5.27
6.08
7.39
3.89
