6.18
5.26
5.98
9.45
6.37
1.64
4.33
7.30
9.86
6.42
5.17
4.83
4.53
3.32
6.28
8.24
7.25
2.83
2.31
6.16
5.98
4.15
5.30
3.26
6.60
5.29
4.52
8.20
6.06
4.15
5.29
7.03
8.52
8.74
2.66
6.66
4.77
1.41
5.97
2.05
1.69
4.21
5.27
4.33
4.28
2.03
5.45
5.22
5.84
2.36
3.68
5.20
9.66
4.25
3.26
6.38
3.80
1.18
2.23
3.40
3.88
5.71
6.04
7.28
5.52
6.66
4.96
0.78
7.24
3.81
6.06
5.63
5.41
4.45
3.64
7.26
5.17
6.74
6.06
6.65
3.39
5.29
4.53
2.92
5.07
4.18
4.16
5.59
4.24
7.05
6.81
8.05
5.85
5.43
1.60
7.42
3.75
3.45
1.90
5.68
4.86
7.41
6.86
5.63
1.87
3.82
4.21
3.61
4.07
6.24
8.98
2.89
5.51
5.12
7.00
6.14
4.52
7.30
5.88
4.79
