7.08
4.56
1.49
4.99
5.76
6.12
4.49
5.20
5.19
1.23
3.56
2.14
7.90
4.63
6.02
7.75
8.41
1.19
5.53
7.12
7.09
4.44
7.18
7.62
5.44
8.09
5.47
3.09
6.93
5.38
1.67
1.67
7.11
4.98
3.62
3.88
7.27
3.61
4.29
3.78
4.20
2.78
5.78
7.46
2.22
1.25
6.15
5.62
3.68
8.33
5.58
9.56
1.92
3.67
5.60
8.76
8.57
5.60
4.99
9.10
8.31
3.63
7.64
5.51
3.82
7.03
9.07
5.42
3.50
2.90
5.44
4.94
0.17
5.55
5.15
4.39
5.31
3.08
6.17
6.09
3.15
3.31
6.73
4.94
5.71
6.00
6.41
6.70
6.23
4.07
6.50
7.55
2.65
3.80
4.32
4.72
3.95
7.98
1.12
5.53
6.83
3.20
4.79
6.32
5.50
6.88
4.74
3.40
5.24
5.80
3.98
2.42
4.58
3.11
5.66
2.16
5.50
5.09
6.49
9.48
