4.07
2.92
2.04
6.47
4.51
7.08
5.54
5.87
2.02
4.71
5.21
2.70
2.00
3.49
7.99
7.05
5.67
4.97
6.83
8.10
3.60
6.16
4.93
6.24
6.25
6.36
6.35
5.68
1.38
5.03
7.28
3.19
5.58
4.94
7.13
8.04
5.74
6.12
4.41
3.84
3.14
6.05
4.02
7.49
5.33
5.25
8.42
2.66
6.17
4.93
4.51
4.03
6.69
1.81
3.13
1.14
6.48
1.20
4.88
3.39
6.82
7.98
3.77
4.36
6.88
6.70
9.28
3.95
8.12
6.79
2.56
3.87
8.58
6.56
5.65
6.60
6.42
7.16
6.16
2.77
3.63
0.23
6.18
4.06
6.14
5.07
1.72
6.26
3.44
2.93
2.70
4.80
5.33
8.82
1.97
4.10
8.38
3.22
8.85
3.60
7.24
1.70
9.61
2.42
4.94
2.17
2.80
4.79
4.44
1.79
3.17
4.10
4.51
4.22
4.81
4.33
2.05
4.67
5.75
4.10
