4.96
6.78
1.59
5.01
8.01
7.48
3.80
2.72
4.69
7.90
5.00
3.14
1.73
1.82
6.05
4.33
3.49
3.29
6.52
3.70
2.81
6.94
4.98
3.77
9.66
6.60
7.98
4.55
5.96
4.15
1.15
6.79
8.76
3.48
4.78
4.76
3.72
4.71
3.36
3.31
4.00
1.46
7.43
6.80
4.76
5.88
2.96
5.51
3.40
5.57
5.35
4.33
1.23
6.65
4.57
3.21
4.64
3.14
5.39
6.37
6.23
5.94
4.36
4.51
8.30
4.88
5.12
5.18
7.00
6.67
6.67
9.62
3.78
7.66
5.57
7.71
5.29
3.60
2.92
4.68
3.01
6.04
5.45
5.25
5.64
8.22
1.76
4.12
6.76
7.43
1.81
4.97
2.49
3.49
5.58
4.39
4.88
8.33
1.59
1.33
8.80
9.32
8.20
3.01
5.20
3.99
6.67
6.35
6.52
5.11
3.32
7.64
5.74
3.96
7.94
5.71
4.83
3.27
7.53
4.75
