4.25
6.20
6.61
2.44
4.92
7.63
3.51
4.88
8.84
3.83
3.81
5.87
6.93
3.90
5.92
4.69
8.30
7.55
5.51
6.55
4.61
5.96
2.26
2.75
6.57
3.27
5.63
3.90
5.00
2.67
8.55
2.10
4.76
3.79
5.25
3.99
4.38
5.36
3.64
5.53
7.74
5.00
4.72
5.25
5.54
7.81
6.93
7.62
5.22
3.27
4.40
6.06
4.80
4.72
6.49
5.95
8.79
7.53
3.70
3.30
4.02
1.87
7.94
3.41
2.90
6.14
5.16
6.09
0.03
3.21
6.83
7.73
2.18
1.61
3.99
4.05
3.96
7.68
5.59
2.87
4.13
5.15
5.99
3.71
3.56
2.09
4.15
2.90
2.71
3.39
7.56
5.03
2.30
4.68
5.89
7.18
2.10
5.29
6.02
4.95
5.69
5.67
2.17
4.76
4.96
4.34
7.15
0.61
3.66
6.40
1.35
6.98
3.31
3.20
4.85
4.01
7.41
4.95
7.27
8.78
