10.1
5.57
5.07
7.34
5.54
4.48
4.28
6.73
4.25
6.24
1.74
6.53
6.24
5.09
6.91
3.27
8.26
5.45
6.60
8.25
6.76
4.59
4.04
2.49
5.72
3.13
3.18
3.86
9.69
4.81
7.57
4.70
6.08
6.02
5.16
5.52
10.4
2.62
7.08
0.99
6.85
3.54
5.94
4.73
7.77
5.16
2.66
4.67
6.04
6.68
5.20
6.05
1.05
2.59
3.58
4.89
4.53
4.85
7.96
4.40
4.99
4.74
5.11
5.62
4.31
9.54
3.97
6.67
4.62
5.33
4.33
8.43
2.68
5.14
5.06
3.43
5.21
5.79
7.10
1.80
3.68
4.90
2.54
6.30
6.16
4.03
4.19
8.08
8.11
2.22
5.73
3.44
5.07
4.47
0.29
5.36
1.36
8.72
5.64
5.99
3.32
4.58
7.52
6.68
2.39
4.15
4.23
7.76
4.27
4.98
1.24
4.21
4.97
3.37
6.09
2.46
5.27
2.66
4.41
6.78
