6.81
3.00
4.91
5.05
9.27
3.58
5.28
3.15
3.51
9.70
9.53
4.08
3.10
5.52
3.82
4.01
4.53
3.28
4.11
3.31
3.60
7.62
5.34
3.25
7.45
3.30
5.40
3.79
6.28
4.14
6.60
9.21
7.03
2.37
3.72
9.00
8.82
5.87
5.40
6.57
4.82
6.11
5.51
4.37
6.63
7.04
2.71
5.62
1.99
5.38
0.58
1.01
4.97
6.03
4.65
1.07
4.46
5.92
3.43
6.09
2.86
4.55
5.36
8.05
5.45
6.02
7.84
4.72
6.76
5.59
2.06
5.13
5.54
3.77
5.76
4.31
2.01
4.74
4.16
4.20
6.35
2.38
3.53
3.03
8.72
5.42
2.83
5.02
6.27
6.17
5.01
6.32
4.75
7.33
3.69
8.08
3.23
4.89
5.86
5.52
3.82
5.24
4.89
3.50
6.53
2.58
6.30
3.71
7.34
5.10
3.76
6.54
1.71
5.06
5.99
4.64
7.19
6.58
0.92
7.05
