5.36
5.85
2.38
3.57
4.98
1.39
5.47
3.06
3.54
6.72
3.21
8.45
4.89
3.26
7.62
6.36
3.34
2.87
4.33
2.71
3.49
3.87
5.74
8.88
4.18
5.85
4.73
4.03
5.88
5.10
6.22
3.27
2.55
2.57
6.46
3.49
4.74
3.58
6.97
2.46
3.21
8.47
6.61
3.87
4.10
8.96
5.73
6.87
3.70
2.06
6.37
3.97
2.57
3.34
5.98
4.04
4.85
5.44
7.23
2.71
6.69
2.95
5.12
3.13
6.30
4.80
8.80
4.30
6.42
5.68
5.01
4.76
4.20
5.83
4.00
5.92
2.52
6.72
8.78
4.09
5.28
5.05
4.54
5.84
3.23
7.63
4.66
6.62
4.59
8.21
5.49
3.31
1.60
2.65
5.55
2.31
6.26
10.3
5.96
4.68
5.95
4.15
6.91
5.40
5.22
5.79
4.32
2.30
6.29
7.18
4.32
1.40
4.72
2.37
3.18
4.18
1.47
6.40
6.38
3.63
