7.60
4.96
5.07
4.56
4.77
5.56
1.35
2.97
5.33
7.46
4.54
5.72
9.76
1.27
6.25
4.63
5.37
3.96
3.54
3.20
2.73
7.06
3.56
2.92
3.57
5.14
8.47
3.32
5.47
7.65
3.45
2.84
0.18
2.04
5.51
5.61
7.04
3.79
1.86
3.91
6.21
3.26
7.14
4.61
3.04
3.27
4.76
2.50
2.36
5.27
2.18
4.69
1.95
2.97
3.54
1.96
4.06
6.73
6.89
4.22
4.12
7.95
4.57
8.59
3.11
5.40
5.34
4.32
7.35
4.05
5.32
6.05
5.13
8.13
2.63
3.61
6.90
9.61
3.97
5.60
2.29
4.86
5.36
5.06
6.35
6.67
5.27
7.22
4.04
3.58
3.93
7.17
1.96
5.96
4.46
5.01
3.44
6.48
3.27
3.75
4.85
0.11
1.23
0.20
6.20
4.12
4.68
3.96
4.24
4.94
5.58
2.92
3.68
2.69
4.38
3.30
5.61
6.89
7.89
6.39
