7.61
5.62
2.36
4.87
4.87
1.96
2.33
2.92
3.05
4.58
2.43
7.91
5.89
3.33
2.70
5.35
6.44
2.99
3.18
5.99
8.03
2.40
3.77
5.42
5.50
4.99
1.14
3.72
2.78
4.76
6.20
6.12
4.78
6.76
5.76
3.25
4.72
4.72
6.43
1.75
1.11
7.76
5.02
7.23
3.13
5.51
8.14
4.24
6.75
4.47
4.75
6.82
5.81
4.26
4.74
7.47
5.70
3.62
6.05
3.29
7.25
4.75
3.75
4.60
6.47
6.00
2.96
5.51
6.65
1.90
5.58
7.62
5.78
2.65
4.69
5.05
4.40
3.07
2.94
5.02
2.88
5.19
6.90
7.93
4.89
4.29
5.18
7.10
3.69
6.93
4.43
3.88
4.97
5.43
6.29
4.81
6.65
1.03
2.32
4.69
4.33
6.49
6.54
1.91
9.69
3.49
6.42
1.40
8.17
3.89
2.01
5.09
1.59
8.33
5.86
5.78
1.75
3.25
6.31
4.38
