5.89
3.79
3.79
4.27
7.24
4.12
1.64
7.53
2.51
0.75
3.21
1.62
3.85
1.82
3.51
4.39
4.58
8.77
3.26
3.39
2.79
5.25
4.25
3.23
5.37
3.14
4.75
2.85
3.95
5.07
7.31
3.21
5.89
5.93
5.64
3.19
5.17
5.81
6.19
8.01
5.03
2.65
6.40
4.10
6.53
6.21
10.2
9.19
5.31
4.98
5.17
5.52
5.00
3.89
3.86
5.89
4.40
2.92
7.47
1.02
5.72
3.51
4.57
5.04
5.02
5.64
7.48
7.31
3.39
6.96
4.28
3.46
7.36
4.41
7.30
5.33
3.55
6.52
3.90
7.87
7.53
6.53
5.66
4.15
5.75
4.98
1.98
2.31
2.53
5.17
7.08
8.34
6.85
4.06
1.68
4.70
4.52
4.59
3.62
3.67
7.16
6.38
4.12
7.88
5.19
6.14
4.62
7.11
7.15
7.22
4.37
4.08
5.49
0.70
7.00
0.59
1.05
7.87
5.78
8.35
