3.92
5.04
5.53
6.10
3.32
8.21
4.28
8.07
4.98
5.87
5.49
3.99
5.88
6.27
6.37
1.07
2.40
5.88
6.10
4.70
4.06
5.71
6.16
3.86
7.20
8.65
6.72
5.60
1.20
7.12
0.35
5.03
5.67
3.76
3.79
5.61
1.81
3.82
2.87
3.77
6.86
8.17
5.45
4.52
3.48
5.92
7.40
6.16
6.81
4.03
2.09
3.60
3.08
3.49
6.74
4.41
2.61
4.65
2.91
2.79
5.47
7.40
5.20
0.85
4.99
2.12
3.35
3.00
3.51
2.01
5.91
6.26
8.78
4.13
1.07
1.86
3.98
2.07
5.85
5.43
5.10
3.85
5.09
8.74
6.73
5.51
5.37
1.79
2.27
5.86
6.52
2.78
0.29
5.23
6.12
5.29
4.60
3.93
7.18
6.31
7.49
2.24
8.91
4.62
5.80
8.25
3.79
7.49
3.16
7.98
6.57
4.70
9.65
5.86
7.23
4.81
4.14
3.77
5.07
9.45
