6.46
6.86
4.24
6.18
7.00
1.63
2.19
7.03
4.88
5.14
5.38
2.57
4.67
3.44
5.70
4.66
2.02
5.18
5.82
6.63
8.29
5.74
6.31
2.36
5.26
5.46
5.65
6.12
7.19
2.55
6.52
5.49
4.45
3.95
10.4
2.66
6.05
2.96
6.69
7.16
3.93
4.11
5.79
6.42
3.51
6.10
8.19
3.79
4.95
7.67
5.86
3.63
2.10
5.32
6.18
5.25
10.4
2.93
3.86
4.69
3.68
5.62
3.24
7.32
3.14
4.50
6.50
2.93
4.74
9.43
4.89
2.22
2.46
4.94
4.91
0.84
1.22
4.11
4.22
3.98
7.89
7.81
1.39
5.67
5.03
6.52
7.27
6.76
4.79
3.40
3.60
8.97
3.49
5.21
5.40
5.08
8.13
1.71
5.22
7.31
6.30
2.06
2.10
0.33
0.87
6.83
4.91
5.99
7.58
4.50
2.56
0.17
4.79
8.56
1.76
1.99
5.67
5.27
4.72
4.93
