2.21
5.35
3.52
6.44
5.75
4.90
9.32
4.98
1.62
1.95
4.72
5.98
9.69
4.54
6.88
3.27
5.94
1.23
4.67
3.12
1.20
3.90
5.17
6.02
7.23
5.23
7.15
4.53
0.32
4.23
4.98
2.40
7.27
5.38
6.08
6.99
5.31
7.59
9.08
4.25
3.97
0.40
2.19
4.87
7.22
5.80
4.51
6.19
6.42
3.09
3.38
3.95
10.7
8.03
9.38
6.50
3.77
4.51
9.26
9.81
3.01
8.00
4.68
6.18
7.08
6.93
5.78
4.54
5.55
5.79
7.30
3.04
6.05
5.27
8.49
6.88
5.88
6.17
4.46
7.49
3.92
4.07
2.41
11.3
5.39
6.06
4.56
1.97
3.40
3.46
4.38
9.53
4.10
0.56
3.53
4.54
3.24
1.34
6.98
6.53
6.38
0.64
4.66
4.90
9.55
2.67
2.32
5.25
3.57
4.70
6.83
4.36
6.95
1.50
1.68
8.01
3.17
7.75
2.32
4.05
