2.72
8.08
5.32
2.30
5.35
6.25
6.73
3.30
4.63
5.79
5.65
4.87
2.68
8.20
5.76
9.82
2.85
4.73
2.44
3.07
7.79
6.04
4.06
8.70
7.94
6.41
1.90
5.63
6.62
5.82
4.15
5.89
7.04
4.49
6.40
3.76
4.87
1.03
5.60
6.24
5.43
6.63
3.82
7.89
5.75
6.86
7.03
2.85
4.84
1.06
4.74
5.49
4.31
4.54
5.32
5.45
5.45
4.71
5.19
4.42
3.21
3.76
4.98
7.97
2.94
5.46
2.65
4.06
3.24
2.69
5.29
3.43
5.15
5.38
1.09
4.07
4.10
7.41
6.21
4.82
7.67
4.30
9.99
6.59
5.67
6.11
5.74
6.75
4.06
6.28
4.20
6.15
3.77
3.67
5.33
3.43
8.35
1.66
8.03
4.54
2.77
3.90
2.52
3.59
5.29
1.50
4.76
4.83
5.18
4.01
6.75
3.37
4.66
9.20
2.33
3.39
6.76
4.33
1.22
3.74
