4.81
4.40
5.46
3.61
7.00
6.72
2.85
7.30
6.75
4.73
7.45
1.79
4.60
7.19
5.09
4.36
6.98
4.53
4.43
8.52
2.07
4.64
7.37
4.48
2.36
6.31
3.29
6.67
4.32
3.19
7.11
5.94
5.49
5.89
5.18
2.15
5.12
5.08
4.60
5.95
10.3
6.96
7.25
4.39
6.84
2.57
6.00
8.80
1.61
2.42
4.53
6.63
4.58
6.81
7.94
3.92
4.06
3.56
7.10
7.34
7.39
8.26
4.91
7.23
5.05
5.79
8.20
5.48
4.37
3.21
3.69
2.13
6.13
6.32
1.55
3.26
8.82
4.29
3.86
5.61
3.85
4.75
4.91
3.69
6.43
4.98
7.54
1.49
9.44
5.49
7.26
2.75
5.52
3.73
5.40
6.84
2.91
4.16
2.95
3.73
5.17
4.02
4.85
5.83
6.77
5.18
3.97
1.90
1.92
3.97
5.60
3.71
2.18
6.42
6.12
7.80
3.35
5.39
4.29
5.10
