5.33
8.22
8.14
6.89
4.23
2.17
4.95
3.84
6.56
4.82
8.44
1.82
2.38
9.15
5.10
6.16
3.84
6.54
3.75
6.91
6.43
1.65
6.28
3.34
0.90
2.78
5.19
4.03
4.44
1.03
6.96
3.92
4.57
6.19
6.97
4.54
6.12
6.11
4.08
5.12
5.62
2.25
3.62
6.93
7.03
3.65
6.24
3.25
6.63
3.66
4.24
5.86
6.25
3.96
6.44
2.52
9.55
5.82
3.36
6.11
2.96
4.14
5.64
5.59
4.04
5.00
4.59
4.67
4.79
4.17
6.27
6.37
6.04
5.53
7.17
7.35
3.88
2.54
3.02
3.47
8.17
3.84
9.13
8.37
6.13
5.92
3.32
1.93
4.85
2.07
5.00
5.21
4.21
4.27
4.52
3.53
2.53
5.93
4.65
5.13
5.31
6.11
5.79
6.79
6.21
3.77
0.70
2.58
7.60
2.04
2.83
3.68
6.11
5.55
8.72
6.71
6.47
6.02
8.74
2.40
