1.41
6.31
2.73
3.88
6.70
4.48
4.67
7.63
3.53
1.39
4.84
3.68
6.69
7.13
6.28
7.37
4.74
5.33
3.85
5.84
7.80
6.13
4.43
5.15
6.43
2.41
2.76
2.73
1.41
6.87
5.69
3.86
3.63
7.41
5.58
3.78
10.7
5.76
5.47
6.81
2.03
3.73
0.40
5.86
4.54
7.90
7.06
5.03
2.63
4.04
5.31
3.53
8.35
3.51
3.75
3.82
4.78
4.34
6.94
5.74
5.75
4.69
3.35
6.95
5.03
7.81
8.55
5.38
4.54
7.47
2.30
9.64
4.29
2.96
5.38
5.98
0.81
3.66
9.25
5.99
7.60
8.61
4.42
4.28
3.93
2.51
4.25
1.80
7.09
6.17
8.17
7.45
2.07
3.86
6.24
0.59
6.32
2.87
7.43
3.39
6.29
6.18
0.48
4.62
2.21
4.55
5.51
4.84
1.61
5.94
10.2
6.63
3.85
7.00
1.75
6.35
5.57
4.59
4.03
8.50
