10.6
7.84
4.38
3.35
1.96
2.00
6.91
4.91
4.08
6.05
3.50
4.25
5.96
5.23
7.14
5.12
6.38
6.15
4.96
8.53
7.00
6.08
4.26
1.82
7.85
5.84
0.73
1.22
3.98
3.52
4.20
2.05
4.50
7.70
8.68
8.21
6.87
3.06
3.67
1.05
4.83
4.78
3.50
6.30
3.72
4.66
4.01
4.63
3.26
5.41
1.93
2.61
10.2
6.26
7.58
7.05
7.14
5.47
5.85
6.26
2.16
8.58
6.24
6.09
5.19
6.01
4.15
4.93
8.03
2.18
7.79
4.36
7.46
5.37
6.57
6.94
6.64
6.48
6.09
8.50
5.19
6.30
3.15
6.52
4.14
9.00
5.03
7.32
2.95
0.42
5.81
3.55
1.23
4.20
3.75
5.17
6.30
8.34
0.84
3.72
3.36
6.49
3.77
6.61
3.83
5.57
2.06
6.29
4.85
6.56
4.37
4.44
2.44
6.18
5.72
6.10
4.38
4.46
3.67
1.70
