9.42
9.17
7.84
3.08
6.23
4.95
6.61
5.70
7.38
7.12
1.14
5.37
3.74
3.11
4.84
5.53
2.77
8.29
3.27
4.07
1.45
6.67
6.64
2.33
1.85
6.95
6.45
3.83
3.09
3.27
3.12
3.61
7.68
6.54
1.98
2.94
4.78
4.47
3.04
2.51
6.12
3.99
6.06
3.41
5.96
8.41
2.56
2.43
6.24
2.96
1.96
5.00
4.06
4.30
7.84
1.91
5.58
5.79
4.74
7.34
4.70
4.86
8.10
6.36
0.02
4.81
1.18
3.20
5.21
7.47
2.92
4.56
4.91
2.18
9.34
2.13
4.78
5.88
3.35
7.48
2.76
8.08
6.43
4.90
8.29
2.95
8.15
2.25
2.94
3.92
5.14
4.75
5.82
6.76
12.2
2.97
2.03
5.25
8.39
6.36
5.38
2.25
2.07
4.60
4.13
5.04
8.14
6.35
6.11
6.01
1.17
1.75
5.32
7.33
4.23
6.18
6.24
3.41
1.96
5.73
