6.02
4.83
7.80
3.74
5.32
5.59
3.67
6.61
3.21
5.90
4.46
5.02
3.57
3.11
5.59
4.26
5.58
4.72
8.21
7.95
4.56
7.66
5.76
2.33
3.51
5.49
3.75
4.42
1.61
4.72
4.03
6.72
6.20
4.04
7.03
3.67
2.23
8.63
2.26
3.24
0.83
8.56
5.76
7.81
5.63
5.57
6.92
2.44
3.52
5.85
7.45
3.91
4.71
4.79
5.08
5.21
1.15
5.20
4.85
6.71
2.10
2.67
5.60
4.94
3.39
5.10
2.89
4.76
7.02
2.89
3.97
5.17
3.37
3.25
4.88
3.81
5.68
0.28
9.74
5.38
3.59
5.89
3.07
5.38
6.45
4.53
2.26
6.40
5.64
6.09
7.49
4.02
8.28
6.36
6.05
3.51
5.06
5.13
3.39
5.92
5.76
7.61
5.92
7.69
4.52
2.32
8.17
5.32
8.15
4.53
4.64
5.36
8.26
1.25
4.10
4.59
5.70
1.78
8.49
3.88
