4.43
5.12
6.49
6.26
3.95
4.30
5.57
7.40
6.33
11.4
5.95
1.91
6.15
5.11
3.67
7.51
4.53
8.94
3.30
5.23
3.80
5.86
2.50
3.85
5.84
4.50
8.25
6.09
5.60
3.48
6.77
6.84
6.82
9.48
0.53
6.29
4.74
5.50
8.07
6.87
2.16
7.99
2.46
4.99
3.41
3.84
2.67
6.17
6.12
3.35
5.73
6.77
8.17
4.27
3.68
6.07
3.52
6.43
6.51
8.20
2.09
4.54
6.66
6.62
5.87
5.76
6.12
1.03
2.91
3.26
8.49
4.31
7.55
6.44
4.83
1.92
1.91
7.47
5.01
4.60
7.50
4.45
3.73
4.96
2.83
4.94
5.43
2.99
4.95
0.37
6.56
1.85
6.01
4.64
6.70
4.39
5.36
6.49
3.36
0.47
7.53
5.73
4.06
2.06
5.92
4.36
7.35
7.00
3.31
2.53
5.32
2.56
3.25
2.90
5.72
4.85
4.04
4.50
3.28
4.43
