4.96
5.12
6.08
5.71
6.36
5.83
7.00
4.38
3.20
8.35
4.68
1.39
4.05
2.75
5.82
5.82
2.75
2.59
4.72
2.14
1.90
6.43
3.42
5.03
3.15
4.14
4.57
3.87
7.90
8.57
4.61
3.40
8.78
1.15
2.34
6.80
3.74
6.71
2.41
5.34
3.90
3.54
7.25
9.51
6.30
6.93
4.52
6.91
1.58
6.85
4.01
8.74
7.62
3.00
4.60
5.00
4.98
5.29
3.49
3.01
7.11
7.33
5.61
3.75
4.95
3.33
7.94
5.62
5.84
5.77
5.18
6.37
8.38
7.00
3.08
1.31
3.75
5.85
6.65
8.00
9.17
5.43
5.30
3.30
4.66
4.01
5.73
3.06
6.89
5.84
5.68
3.68
7.49
3.61
5.72
0.67
3.22
3.34
5.84
6.01
3.42
6.41
6.67
7.21
7.32
4.44
3.26
5.86
4.14
4.52
4.01
6.15
9.74
5.51
3.47
5.61
4.86
6.43
3.16
4.25
