7.30
7.21
8.67
2.10
3.06
6.26
3.52
6.05
1.04
5.53
4.22
3.55
3.00
5.07
3.71
5.23
5.18
7.58
3.66
1.73
5.43
5.45
4.94
3.57
2.32
6.24
8.85
7.73
2.60
4.39
3.08
3.02
6.05
4.03
4.73
6.62
6.87
4.09
3.74
4.53
5.88
6.55
4.79
0.99
4.89
2.65
6.42
2.80
3.73
6.49
3.84
4.47
3.51
4.79
7.40
5.03
1.71
4.14
5.79
2.72
3.35
5.36
6.54
3.64
9.76
2.61
4.21
2.87
4.82
7.29
5.21
6.80
5.62
6.18
6.69
6.52
6.29
6.28
4.98
4.33
2.45
5.29
4.56
7.51
2.82
8.50
4.87
1.97
2.97
2.61
8.14
4.94
7.04
2.34
7.61
4.58
6.23
10.5
4.84
3.29
3.91
7.85
4.68
7.82
4.70
5.74
0.67
6.23
6.55
3.03
6.70
3.33
5.23
4.87
1.98
8.52
5.18
6.09
9.07
8.92
