2.92
6.36
5.93
6.43
6.85
7.90
4.91
7.32
3.99
4.27
5.76
5.77
7.06
4.68
1.66
4.60
2.55
7.55
3.19
5.36
6.51
4.87
4.52
6.52
4.84
3.45
6.18
6.74
7.88
5.92
5.50
4.70
3.68
6.88
5.94
3.99
7.22
6.36
3.09
7.64
7.49
2.01
5.21
5.96
0.58
2.43
4.28
5.28
5.77
2.81
5.35
8.24
5.75
4.09
3.31
7.15
4.62
6.58
4.95
4.40
4.70
4.66
2.65
6.39
5.17
4.63
5.04
10.7
4.79
2.41
4.53
4.35
5.03
6.24
5.29
3.40
2.73
4.72
7.22
3.67
2.74
6.00
5.25
7.02
3.73
4.84
6.06
3.67
3.58
3.52
4.58
3.45
2.94
7.01
9.04
5.58
3.60
2.33
1.22
6.81
6.53
6.04
3.14
5.59
4.13
5.76
6.10
6.91
6.62
5.73
5.82
4.91
4.05
6.20
6.35
4.30
7.83
3.17
3.86
6.74
