426.61
476.65
471.76
438.81
473.87
458.59
489.73
530.39
495.89
510.99
482.77
475.8
447.51
494.97
503.24
474.45
476.76
483.5
490.92
460.25
486.65
462.64
445.23
453.14
471.26
500.13
505.41
445.9
489.3
473.27
498.86
468.3
493.26
473.3
464.83
495.19
478.08
472.95
474.15
456.41
479.7
471.65
463.6
481.91
488.02
465.64
455.0
448.11
473.28
476.48
464.2
492.72
470.4
501.59
507.3
475.12
491.65
500.72
505.21
468.7
477.16
449.12
485.16
445.01
479.56
485.63
500.9
502.73
441.35
461.42
492.39
485.12
457.5
451.29
462.23
455.74
436.75
466.01
495.75
453.65
469.41
446.39
508.09
487.12
492.37
486.77
471.94
459.33
483.57
483.27
507.94
479.26
456.57
488.92
501.0
493.94
458.71
456.54
490.72
465.98
475.27
467.9
490.94
474.23
464.05
470.23
499.77
477.98
490.65
504.41
478.98
508.4
462.67
491.84
513.21
492.63
458.17
489.47
487.6
513.53
