8.00
8.00
9.00
11.0
8.00
13.0
6.00
10.0
13.0
6.57
12.5
7.97
12.4
7.91
9.88
7.00
7.00
7.00
7.95
9.00
11.3
11.0
7.75
9.63
9.00
5.79
10.2
8.59
5.34
9.18
8.65
7.59
6.53
9.83
11.0
10.0
5.00
12.0
11.0
8.00
11.0
10.0
13.0
10.0
10.0
8.79
9.00
10.0
9.00
8.00
9.00
9.00
14.0
8.00
10.0
10.0
8.00
9.00
8.00
7.00
12.0
10.0
12.0
9.00
8.00
10.0
7.00
11.0
10.0
12.0
7.00
8.00
8.00
13.0
7.00
11.0
8.00
9.00
6.00
9.00
7.00
6.00
13.0
6.00
9.00
10.0
11.0
5.00
9.00
12.0
12.0
15.0
12.0
9.00
8.00
11.0
10.0
9.00
7.00
12.0
11.0
14.0
11.0
11.0
9.00
10.9
10.0
11.0
8.00
9.00
10.0
8.00
8.00
11.0
11.0
10.0
12.0
13.0
6.00
8.00
8.00
12.0
10.0
9.00
11.0
11.0
11.0
9.00
7.00
11.0
8.00
6.00
11.0
10.0
9.00
8.00
11.0
11.0
8.00
8.00
9.00
9.00
12.0
7.00
10.0
7.00
12.0
14.0
6.00
12.0
13.0
5.00
10.0
9.00
12.0
7.00
6.00
12.0
12.0
12.0
6.00
9.00
9.00
10.7
12.0
11.0
9.00
13.0
7.00
8.00
11.0
12.0
6.00
11.0
7.00
10.0
13.0
10.0
9.00
13.0
