5.53
7.86
9.41
7.04
7.00
5.51
9.48
7.32
7.88
7.00
8.00
10.6
8.00
8.02
9.98
8.00
8.00
9.00
9.77
5.83
12.0
5.00
7.90
6.75
8.00
10.6
8.89
9.96
10.0
8.70
8.89
6.17
5.11
6.57
4.83
7.00
11.0
8.00
9.83
5.00
9.00
7.00
7.00
4.91
11.0
8.00
10.0
11.4
9.00
8.00
8.00
9.00
9.00
8.00
10.0
9.00
6.96
9.82
7.00
11.0
9.00
7.00
12.0
8.00
6.00
7.99
9.90
12.7
11.8
8.00
12.0
12.0
6.00
10.0
3.00
8.00
6.00
8.00
11.0
8.00
10.0
8.00
7.00
9.00
9.00
7.00
7.00
9.00
7.00
8.00
10.0
11.0
9.00
7.00
5.00
11.0
10.0
12.0
11.0
8.00
8.00
5.00
8.00
6.00
7.00
10.9
10.0
9.00
10.0
10.0
5.00
8.00
5.00
5.00
4.00
12.0
6.00
11.0
9.00
9.00
10.0
3.00
9.00
7.00
9.00
7.00
7.00
9.00
6.00
11.0
12.0
11.0
7.00
8.00
14.0
7.00
9.00
10.0
9.00
6.00
9.00
5.00
8.75
7.00
7.00
8.94
5.00
13.0
6.00
10.0
9.00
9.00
8.00
7.00
8.00
9.00
7.00
9.00
9.00
10.0
9.00
8.00
11.0
9.00
8.00
6.00
7.00
9.00
9.00
12.0
4.00
11.0
12.0
11.0
9.00
7.00
9.90
7.00
9.00
8.00
