6.71
8.00
10.4
7.78
9.00
8.20
9.51
9.59
5.06
8.00
8.88
5.01
6.00
9.85
12.9
3.00
11.0
11.0
8.42
5.67
7.00
10.8
8.66
6.73
9.00
11.9
5.63
7.40
6.92
7.31
10.7
3.52
8.41
9.70
9.71
11.0
9.00
5.00
6.85
9.00
8.00
10.0
7.00
9.00
5.00
10.0
7.00
6.88
8.01
6.00
12.0
8.00
9.00
10.0
11.0
6.00
11.0
10.0
10.0
10.0
12.0
11.0
6.00
7.00
7.00
13.0
9.00
11.0
14.0
8.00
12.0
12.0
13.0
10.0
5.00
13.0
8.00
12.0
7.00
11.0
11.0
10.0
6.00
9.00
9.00
6.00
8.00
6.00
10.0
10.0
11.0
9.00
11.0
14.0
10.0
4.00
8.00
12.0
16.0
8.00
8.00
12.0
14.0
9.00
11.0
11.0
8.00
9.00
8.00
7.00
9.00
8.00
9.00
10.0
10.0
11.0
10.0
14.0
8.00
9.00
12.0
12.0
10.0
7.00
12.0
10.0
11.0
8.00
8.00
12.0
8.00
9.00
11.0
11.0
10.0
7.00
11.0
8.00
8.00
11.0
8.00
11.0
11.0
10.0
8.00
9.00
12.0
10.0
12.0
13.0
6.00
11.0
8.00
7.00
8.00
9.00
3.00
11.0
9.00
8.00
10.0
4.00
7.00
7.00
7.00
10.0
11.0
7.00
12.0
13.0
12.0
9.00
9.00
9.00
10.0
10.0
7.00
6.00
10.0
6.00
