6.96
8.59
7.99
12.3
9.99
11.0
10.1
7.97
8.99
10.4
9.76
9.99
7.99
12.3
9.44
7.94
5.99
11.6
7.96
11.3
9.26
7.93
12.0
8.94
7.95
10.3
11.6
6.95
11.6
9.99
8.94
6.95
9.39
9.99
6.98
6.96
11.0
9.99
11.9
12.0
11.0
11.0
7.99
8.99
11.0
9.00
12.0
7.00
9.00
9.00
10.0
9.00
12.0
4.00
9.00
9.00
10.0
9.00
11.0
10.0
13.0
10.0
13.0
9.00
12.0
10.0
12.0
11.0
9.00
9.00
7.00
9.00
9.00
12.0
5.00
8.00
8.00
9.00
7.00
10.0
9.01
9.00
6.00
11.0
8.00
8.01
9.00
9.01
6.01
7.01
9.00
9.00
7.01
9.01
10.0
14.0
7.00
13.0
11.0
9.03
10.0
9.01
10.0
12.0
9.01
9.07
9.01
11.0
10.0
2.00
9.07
10.0
11.0
11.1
12.0
6.01
11.1
11.1
12.0
9.01
9.00
13.0
11.1
12.1
10.1
9.01
7.00
7.06
8.07
8.05
12.1
14.0
11.0
6.05
9.08
4.04
7.01
9.01
11.0
13.1
14.0
10.1
11.1
9.01
14.0
7.99
8.99
9.01
9.00
11.0
9.00
10.0
12.0
9.04
7.03
14.0
9.00
11.0
14.0
12.0
11.0
7.01
9.56
8.61
10.4
9.36
6.99
7.66
4.99
9.56
7.93
9.11
9.85
8.96
7.75
8.18
8.49
8.65
10.9
8.99
