8.99
9.99
7.99
12.0
6.99
6.99
7.99
7.99
9.99
8.99
7.99
13.0
9.99
8.99
9.99
6.99
7.99
12.0
6.99
6.99
11.0
8.99
8.99
8.99
7.99
8.99
6.99
9.99
3.99
6.99
5.99
5.99
6.99
4.99
9.99
7.99
9.99
12.0
7.99
7.99
8.99
11.0
9.00
9.00
11.0
10.0
9.01
11.0
10.0
8.01
8.01
9.00
7.01
7.00
5.00
8.00
6.00
10.0
5.00
9.00
5.00
10.0
6.00
6.00
6.01
11.0
8.99
8.99
7.99
8.99
9.99
7.99
11.0
11.0
10.0
7.00
7.00
10.0
10.0
7.00
9.00
11.0
10.0
8.00
7.00
5.00
9.00
8.00
6.00
6.00
10.0
11.0
9.00
5.00
7.01
8.01
9.00
9.01
10.0
11.0
5.01
8.01
5.00
10.0
12.0
9.01
8.01
5.00
11.0
6.01
9.01
10.0
7.01
10.0
9.00
11.0
9.01
7.01
8.99
10.0
7.00
5.99
12.0
9.99
12.0
5.99
11.0
5.99
12.0
6.99
9.99
7.99
7.01
7.99
5.99
5.99
4.00
12.0
9.01
9.99
6.99
8.99
6.99
6.00
5.99
8.99
11.0
4.00
6.00
11.0
6.99
9.00
9.01
9.01
10.0
8.01
6.99
11.0
8.01
7.01
13.0
8.01
5.99
9.00
8.01
8.01
6.01
6.00
7.99
12.0
10.0
9.99
6.00
10.0
9.99
8.00
11.0
9.01
7.01
9.01
