6.36
7.98
6.44
5.95
7.96
8.96
8.36
10.1
11.4
10.2
5.95
10.0
12.0
9.99
7.51
5.93
6.75
7.34
6.69
5.94
6.36
6.94
6.91
6.95
6.93
6.98
6.99
5.96
7.31
7.49
6.97
6.15
5.99
7.99
7.24
7.50
9.74
8.96
4.96
6.95
5.00
9.00
8.99
6.97
6.97
5.95
6.95
9.00
4.97
5.96
6.99
8.99
9.99
4.99
7.66
9.94
8.02
8.00
8.96
6.99
8.73
7.90
8.97
7.96
8.82
8.49
7.33
7.66
9.98
9.00
5.96
7.95
8.97
8.45
10.5
9.99
7.74
8.76
7.91
6.93
6.93
12.0
10.7
9.52
8.95
9.46
8.95
7.94
8.88
8.44
4.99
9.08
7.58
7.64
6.99
7.97
5.98
8.28
5.96
7.03
6.93
6.87
6.68
7.37
6.78
4.95
7.95
8.20
7.92
6.77
7.06
7.33
6.47
8.00
6.00
6.22
6.40
7.21
7.58
8.99
7.04
6.73
6.33
6.31
7.16
5.99
8.05
6.77
7.41
5.97
6.93
6.99
7.43
5.95
6.62
7.86
7.68
4.97
7.11
3.97
6.06
8.91
8.99
4.99
6.80
5.97
7.15
8.95
5.99
8.17
6.99
5.99
3.96
6.69
8.13
8.52
7.21
7.86
6.97
7.36
5.97
8.38
7.57
7.12
6.98
7.00
7.98
7.58
5.95
6.52
6.52
7.99
5.95
4.99
8.30
6.90
6.82
7.45
5.96
9.00
