6.77
8.03
6.65
8.90
7.58
6.99
6.96
7.72
4.98
7.99
8.92
11.3
6.96
9.26
6.96
6.76
9.14
8.97
4.98
6.09
6.88
6.49
6.31
7.71
7.67
7.09
6.01
7.65
6.57
8.26
7.36
6.43
6.53
6.83
5.99
6.95
6.97
6.99
6.99
8.53
11.6
6.96
8.53
9.85
8.20
6.97
9.58
10.0
8.80
8.13
7.97
4.99
6.97
7.91
8.39
7.99
8.75
7.63
6.97
6.99
9.40
7.46
9.68
8.88
7.26
7.99
5.99
8.33
8.13
7.97
6.99
8.59
10.8
9.55
8.91
5.96
5.99
8.17
5.97
6.97
9.25
10.0
6.98
7.75
6.97
9.85
9.61
9.42
7.50
7.75
6.99
8.42
5.96
8.78
6.99
7.00
4.99
7.26
7.34
6.98
7.43
8.64
6.95
7.52
6.71
7.12
7.85
3.99
6.98
7.27
7.04
7.37
6.27
7.59
6.92
6.98
8.26
7.13
6.78
6.99
7.11
5.66
6.16
6.48
6.94
8.08
5.96
6.80
5.99
8.76
8.08
5.99
4.96
6.31
6.74
6.96
4.99
12.0
7.15
6.92
5.86
6.26
7.92
8.66
6.18
8.83
6.78
6.95
7.95
8.94
6.80
6.70
5.95
6.50
6.81
9.99
7.50
7.99
4.00
8.38
11.0
5.99
6.70
7.99
9.99
8.01
5.99
7.97
10.0
9.00
6.01
7.00
4.98
7.54
6.72
5.93
7.06
7.99
7.59
7.98
