8.02
10.0
13.0
9.01
10.0
5.00
7.00
11.0
9.00
13.0
10.9
10.0
8.96
5.98
7.22
5.94
7.94
6.93
6.98
7.95
6.33
6.71
8.12
8.14
8.04
11.0
7.97
8.05
11.1
9.01
11.1
6.05
9.07
8.07
5.04
11.0
7.01
14.0
8.02
9.01
9.07
10.0
8.05
10.1
9.06
11.0
9.06
7.00
10.1
12.1
7.05
11.1
9.06
9.06
10.0
9.04
10.1
10.0
11.1
12.0
8.06
8.05
5.01
9.05
10.0
9.00
9.07
9.06
8.01
8.01
9.01
8.01
10.0
5.01
11.0
9.01
9.00
9.01
8.00
11.0
12.0
3.00
6.00
12.0
10.0
9.01
9.01
11.0
5.00
13.0
8.00
9.01
10.0
7.00
11.0
9.01
9.00
10.0
10.0
10.2
9.24
9.00
6.81
6.93
8.10
8.99
9.96
5.98
8.52
6.95
10.1
10.3
8.91
7.94
8.82
7.36
6.94
7.81
7.87
12.0
8.72
6.98
6.99
5.86
6.94
8.02
8.22
6.74
7.03
7.87
7.07
2.00
6.97
7.26
8.05
6.53
7.96
10.7
7.66
6.23
10.1
10.1
8.98
10.6
12.7
7.34
7.68
7.01
9.00
12.0
8.07
11.0
8.01
11.0
10.0
13.0
12.1
12.0
10.0
10.0
11.0
10.0
6.05
12.0
12.0
7.00
11.0
10.6
5.97
8.87
7.99
9.00
8.33
9.10
9.09
8.01
7.01
9.00
12.0
10.0
