7.02
9.07
11.1
6.05
11.1
9.01
10.0
7.07
10.0
9.09
11.1
6.00
7.96
8.47
6.76
7.48
8.29
7.04
6.86
7.42
6.58
7.69
8.55
8.41
8.31
8.75
8.88
8.47
13.0
10.0
9.98
9.00
7.96
11.0
9.00
12.0
8.01
10.0
10.0
9.00
9.00
7.00
9.01
12.0
11.0
5.00
8.00
6.00
11.0
8.79
5.00
8.97
9.07
11.0
8.00
11.0
11.0
11.0
10.0
14.0
9.00
8.00
11.0
13.0
8.00
9.00
11.0
12.0
5.00
11.0
11.0
14.0
9.00
9.00
7.00
9.00
8.00
12.0
8.00
9.00
13.0
10.0
10.0
7.00
11.0
5.01
9.00
7.00
11.0
9.00
6.99
9.36
10.0
12.0
9.61
10.1
7.95
8.82
8.79
9.92
8.91
7.95
9.05
8.20
6.94
7.99
7.96
9.99
8.95
5.99
6.96
6.99
7.92
11.2
7.97
8.99
8.10
8.64
8.06
12.0
8.05
7.25
5.68
7.00
6.97
7.95
6.99
7.02
6.75
6.35
6.97
10.0
7.71
7.77
6.79
6.37
8.83
7.98
7.44
6.39
7.25
6.45
7.53
9.97
12.0
9.93
7.64
9.27
7.89
9.78
10.0
11.0
10.0
9.98
8.71
11.0
8.99
7.95
6.98
8.00
6.00
10.3
8.07
5.01
11.0
9.00
8.98
9.66
9.01
9.00
11.0
8.00
8.28
9.99
7.23
8.05
11.0
13.0
12.0
9.00
