10.0
10.0
12.0
7.76
8.00
7.89
9.00
7.00
11.0
12.8
7.16
13.0
11.4
6.18
7.92
12.0
10.0
3.00
8.63
7.00
8.87
9.00
9.22
8.67
7.00
13.0
7.59
7.97
12.0
8.34
5.89
9.04
5.91
8.47
12.0
8.00
10.0
8.00
10.0
10.0
8.00
9.00
8.00
6.00
7.00
8.94
9.00
9.00
11.0
8.00
9.00
9.00
11.0
7.00
7.00
10.0
7.00
11.9
10.0
10.0
12.0
9.00
7.00
8.00
15.0
10.0
8.00
11.0
9.00
12.0
9.00
8.00
9.00
10.0
11.0
9.00
10.0
6.00
9.00
10.0
10.0
12.0
13.0
10.0
10.0
11.0
10.0
11.0
10.0
11.0
9.00
6.00
10.0
9.00
8.00
6.00
8.00
6.00
13.0
7.00
9.00
12.0
10.0
12.0
7.00
11.9
11.0
12.0
11.0
9.00
11.0
12.0
12.0
9.00
12.0
13.0
8.00
7.00
9.00
7.00
10.0
8.00
7.00
10.0
9.00
10.0
9.00
9.00
12.0
10.0
10.0
12.0
9.00
9.00
9.00
9.00
8.00
10.0
10.0
9.00
6.00
13.0
9.00
9.00
7.00
11.0
8.00
8.00
10.0
12.0
7.00
9.00
13.0
9.00
10.0
9.00
8.00
9.00
6.00
12.0
6.00
9.00
7.00
7.90
9.00
9.00
10.0
9.00
9.00
10.0
10.0
11.0
11.0
13.0
8.00
9.00
11.0
10.0
13.0
13.0
