4.84
8.00
8.12
8.46
7.00
10.5
5.75
8.51
6.08
7.00
7.74
8.94
6.00
8.01
9.84
2.00
9.99
8.00
6.34
10.6
6.00
8.97
6.83
9.23
8.89
5.23
7.69
9.57
5.00
6.63
7.00
7.25
6.02
7.55
6.84
6.00
7.00
8.00
9.51
5.00
8.00
8.00
8.00
11.0
9.00
9.00
4.00
7.84
8.00
8.00
5.00
8.00
8.00
8.00
8.00
10.0
7.00
10.0
11.0
10.0
3.00
11.0
8.00
5.00
8.00
9.00
9.91
6.88
9.00
12.0
8.00
11.0
9.00
7.00
8.00
9.00
5.00
11.0
12.0
8.00
7.00
8.00
4.00
12.0
8.00
7.00
6.00
4.00
12.0
4.00
4.00
6.00
9.00
9.00
5.00
10.0
11.0
12.0
11.0
7.00
12.0
7.00
6.00
9.00
10.0
11.0
9.00
5.00
8.00
6.00
11.0
9.00
8.00
7.00
10.0
7.00
9.00
10.0
9.00
12.0
12.0
10.0
9.00
10.0
10.0
8.00
5.00
8.00
4.00
7.00
4.00
5.00
11.0
8.00
7.00
5.00
8.00
9.00
6.00
8.00
11.0
8.00
7.00
12.0
10.0
7.94
10.0
8.00
8.00
10.0
9.00
11.0
10.0
11.0
9.00
8.00
11.0
7.00
7.00
7.00
8.00
8.00
5.00
8.00
9.00
14.0
9.00
8.00
9.00
8.00
5.00
10.0
8.00
7.00
7.00
9.00
9.00
12.0
10.0
6.00
