7.01
5.96
7.28
8.19
7.93
5.98
9.92
9.83
9.71
7.96
10.3
6.94
10.6
7.96
7.12
7.90
7.14
7.56
6.95
6.04
6.44
6.16
6.85
7.22
6.54
6.76
6.44
7.17
5.98
6.99
4.99
5.96
7.96
7.38
3.00
9.54
6.96
9.99
7.99
9.00
6.00
7.00
11.0
8.99
6.00
7.00
10.0
5.00
8.99
7.99
7.45
8.30
8.06
5.99
9.98
8.37
5.98
8.46
7.80
5.99
10.7
5.98
8.99
7.76
7.69
8.22
8.35
7.52
6.97
8.05
7.61
6.94
6.93
8.50
9.95
10.4
6.99
7.99
9.15
7.99
8.96
8.00
3.00
4.98
9.45
7.00
9.82
8.10
5.96
8.28
6.96
7.72
7.96
8.53
7.94
7.71
6.99
7.53
4.96
6.97
6.93
7.51
5.95
7.19
5.99
7.96
7.82
8.35
5.94
8.03
7.43
8.07
6.26
7.99
6.04
5.92
6.96
6.74
6.85
6.99
6.82
5.97
5.99
7.46
7.07
7.96
7.08
6.90
5.95
6.70
7.31
8.99
7.26
7.49
6.86
6.96
7.70
5.96
4.95
6.46
5.94
6.32
7.96
8.99
7.06
7.97
7.10
8.07
7.89
4.98
7.46
6.95
7.29
6.95
6.78
5.99
8.37
7.36
5.96
6.96
7.96
8.15
7.12
7.17
6.98
9.97
8.18
6.46
7.06
6.98
6.78
6.76
7.84
4.97
6.04
5.93
6.98
3.98
7.12
6.00
