6.79
8.35
9.99
10.0
12.0
12.0
13.1
9.05
11.1
8.07
10.1
8.07
7.03
7.06
7.05
9.00
6.03
11.1
7.00
6.67
7.66
7.03
6.96
8.23
8.08
9.06
7.09
8.29
5.00
8.85
7.90
9.37
11.0
11.0
8.01
8.00
10.0
12.0
9.01
7.00
8.00
9.01
5.01
12.0
13.0
8.00
12.0
8.00
9.00
9.00
9.00
7.00
8.00
5.00
11.0
9.00
6.01
5.00
9.01
8.00
10.0
11.1
13.0
5.04
11.1
10.0
5.03
9.04
12.0
9.07
8.06
10.0
8.00
7.00
10.0
8.03
13.0
10.0
11.0
9.00
12.0
13.0
5.00
9.00
6.02
10.0
11.0
14.1
11.0
11.0
10.0
11.0
8.00
8.00
9.01
10.0
13.1
8.04
12.1
12.0
10.1
9.06
10.1
6.03
8.05
14.0
7.01
10.0
11.0
9.01
11.0
12.0
10.1
11.0
8.08
8.04
12.1
10.0
10.0
9.00
8.50
6.37
6.15
10.6
9.38
13.0
9.07
7.52
5.98
9.48
10.0
9.96
8.97
6.80
6.98
8.08
9.06
11.0
7.15
6.16
6.45
5.97
8.76
8.92
9.08
10.1
10.1
8.07
9.07
8.06
13.0
11.0
6.00
8.00
7.00
7.17
8.00
10.0
10.0
8.00
10.0
7.61
9.02
10.0
9.00
8.04
9.05
7.28
12.0
8.00
10.0
7.06
8.05
6.74
9.99
13.0
7.01
8.00
12.0
10.0
