7.00
8.00
10.0
7.00
7.00
7.00
9.00
10.0
9.00
7.00
10.0
8.00
9.00
9.00
6.00
7.00
9.00
7.00
8.00
9.00
10.0
8.00
7.00
8.00
8.00
8.00
8.00
8.00
7.00
8.00
7.00
6.00
10.0
8.00
9.00
8.00
7.00
8.00
8.00
8.00
7.00
8.00
9.00
7.00
7.00
6.00
9.00
8.00
7.00
7.00
7.00
9.00
8.00
8.00
8.00
7.00
7.00
8.00
8.00
9.00
8.00
4.00
7.00
7.00
7.00
7.00
8.00
8.00
6.00
5.00
8.00
8.00
7.00
5.00
7.00
8.00
7.00
9.00
8.00
7.00
7.00
7.00
7.00
7.00
8.00
8.00
9.00
7.00
7.00
8.00
6.00
7.00
7.00
5.00
8.00
7.00
6.00
7.00
9.00
8.00
8.00
7.00
7.00
9.00
5.00
8.00
7.00
9.00
9.00
7.00
8.00
10.0
7.00
9.00
7.00
9.00
7.00
9.00
7.00
7.00
8.00
7.00
9.00
7.00
7.00
7.00
8.00
7.00
8.00
8.00
6.00
7.00
5.00
7.00
7.00
8.00
8.00
10.0
7.00
7.00
8.00
7.00
6.00
8.00
9.00
7.00
9.00
6.00
8.00
7.00
8.00
7.00
8.00
8.00
8.00
8.00
8.00
7.00
8.00
7.00
7.00
6.00
2.36
1.08
1.05
0.82
0.59
7.00
9.00
6.00
7.00
5.00
9.00
9.00
8.00
7.00
8.00
7.00
5.00
