10.0
6.18
7.11
12.0
8.00
7.48
12.0
5.00
7.00
9.00
6.88
9.00
6.00
8.00
8.72
9.00
9.00
4.00
5.93
8.28
7.62
8.00
8.00
10.0
6.64
9.00
11.0
11.0
7.19
9.00
6.32
7.00
9.00
9.00
7.00
8.00
13.0
10.0
9.00
5.00
9.00
8.00
10.0
7.00
9.78
9.00
6.00
8.00
11.0
7.00
9.90
8.00
11.0
7.00
7.00
11.0
7.00
9.00
4.00
6.00
10.0
5.00
9.00
11.0
9.00
9.00
8.00
9.00
10.0
8.00
10.0
9.00
7.00
11.0
9.00
11.0
9.00
9.00
8.00
8.00
8.00
8.00
8.00
7.00
6.00
11.0
6.00
9.00
8.00
9.00
6.00
7.00
9.00
5.00
9.00
10.0
11.0
8.00
8.00
8.00
12.0
10.0
10.0
10.0
6.00
10.0
11.0
6.00
6.00
9.00
12.0
9.00
8.00
13.0
9.00
8.00
11.0
7.00
10.0
11.0
9.00
9.00
11.9
5.00
8.00
7.00
7.43
8.00
6.00
8.88
9.00
6.00
7.00
6.00
10.0
11.0
10.0
8.00
9.00
7.05
10.0
7.00
10.0
3.00
9.00
7.00
5.00
7.00
9.00
7.00
7.00
9.00
11.0
7.00
8.00
12.0
12.0
8.80
8.00
8.90
10.0
8.00
10.0
12.0
9.00
10.0
7.00
12.0
10.0
11.0
9.00
5.00
9.00
10.0
8.00
7.00
8.00
7.00
13.0
11.0
