10.0
10.0
7.26
9.00
9.00
9.00
9.07
9.00
5.00
7.00
9.00
7.00
11.0
9.50
8.00
12.6
10.8
7.00
9.67
7.73
10.5
11.0
10.8
11.0
11.0
8.00
5.00
12.0
8.00
8.00
10.5
9.00
13.0
8.00
10.0
11.0
9.00
8.00
9.00
12.0
10.0
8.61
10.0
11.0
9.00
14.0
6.00
7.00
11.0
8.00
9.00
9.00
6.00
7.00
9.00
9.00
12.0
8.00
7.00
9.00
12.0
12.0
8.00
10.0
9.00
14.0
10.0
8.00
9.00
9.00
9.00
8.00
7.00
9.00
10.0
13.0
9.00
9.00
11.0
10.0
8.00
11.0
8.00
7.00
14.0
6.00
12.0
7.00
9.00
8.00
7.00
15.0
9.00
8.00
12.0
10.0
7.00
10.0
9.00
11.0
10.0
9.00
8.00
13.0
11.0
8.00
14.0
11.0
13.0
10.0
7.00
7.00
10.0
10.0
10.0
5.00
10.8
10.0
8.00
10.0
11.0
11.0
7.00
12.0
8.00
11.0
10.5
9.00
10.0
12.0
14.0
12.0
11.0
12.0
11.0
11.0
5.00
10.0
6.00
16.5
7.00
8.00
6.00
11.0
7.00
10.0
10.0
12.0
10.0
9.00
9.00
7.00
11.0
7.00
9.00
10.0
11.0
11.0
12.0
14.0
10.0
8.00
10.0
7.00
8.00
8.00
8.00
12.0
9.00
7.00
9.00
7.00
8.00
10.0
12.0
7.00
9.00
8.00
11.0
8.00
