6.00
12.0
11.0
6.00
7.00
8.00
4.76
10.0
10.5
11.0
6.75
9.00
9.85
6.81
7.00
7.85
5.30
5.00
7.00
7.00
11.0
6.00
8.80
8.00
12.0
8.00
6.00
10.0
8.00
9.00
10.0
7.00
4.98
8.00
9.14
8.00
9.00
9.00
8.00
7.00
8.00
6.00
6.00
5.87
7.52
8.95
7.00
7.00
11.0
6.00
7.00
7.00
8.00
8.00
6.00
6.00
10.0
10.0
11.0
8.00
10.0
9.00
6.00
8.00
8.00
9.00
8.00
6.00
4.00
13.0
11.0
6.00
9.00
8.00
9.00
8.00
9.00
10.0
7.00
11.0
7.00
7.00
10.0
6.00
10.0
6.00
11.0
8.00
6.00
11.0
10.0
10.0
7.00
4.00
7.00
9.00
9.00
10.0
8.00
7.00
10.0
10.0
8.00
7.00
8.00
8.00
9.00
9.00
10.0
13.0
8.00
6.00
6.00
8.00
9.00
11.0
9.00
6.00
8.99
11.0
9.19
11.0
8.00
7.00
11.0
8.00
8.00
10.7
6.00
11.0
7.00
9.00
11.0
10.0
6.00
10.0
8.00
9.00
8.00
9.00
8.00
9.00
6.00
9.00
13.0
9.00
8.00
8.00
10.0
10.0
5.00
7.00
10.0
7.00
9.00
8.00
6.00
9.00
10.0
9.00
11.0
10.0
8.00
9.00
10.0
7.00
6.00
5.00
7.00
9.00
12.0
6.00
8.00
7.00
5.00
10.0
6.00
8.00
10.0
4.00
