6.83
13.1
10.0
8.01
11.0
9.06
10.1
9.07
10.0
10.0
7.06
10.0
10.1
9.07
10.1
10.0
9.01
11.1
11.0
9.05
8.01
10.0
7.01
7.89
9.01
7.50
7.29
7.06
7.48
6.99
10.0
8.09
4.99
10.8
10.0
8.01
11.8
8.61
6.96
8.00
9.38
13.0
9.00
10.0
10.0
8.00
10.0
10.0
10.7
7.86
7.01
8.32
10.2
10.0
10.0
8.96
9.38
14.0
9.00
10.1
6.96
9.00
9.00
9.00
9.00
6.96
9.50
9.59
2.99
8.00
9.00
10.0
9.00
10.5
7.68
5.97
6.01
7.67
7.99
8.66
7.96
9.14
10.0
9.35
14.0
11.0
12.8
11.0
10.0
11.0
6.00
7.00
9.01
6.00
8.00
11.0
12.0
10.1
11.0
7.99
8.99
9.00
10.0
10.3
9.02
7.97
8.68
7.94
9.99
8.81
6.99
7.95
8.91
10.3
9.99
9.82
9.67
10.3
7.99
8.98
5.99
7.95
8.92
9.97
8.80
7.68
9.83
8.26
9.01
7.81
6.94
7.98
9.99
8.03
7.33
7.52
6.96
6.97
10.0
6.98
8.46
7.49
7.97
11.0
8.00
7.24
7.06
7.40
10.0
12.0
10.1
11.0
10.1
14.0
9.04
9.06
6.05
10.0
9.04
10.0
11.0
12.0
9.00
10.0
10.0
11.0
9.00
11.0
12.0
10.0
10.0
7.00
11.0
14.0
10.0
11.0
8.00
11.0
11.0
6.00
