5.75
5.99
9.00
9.00
9.00
5.00
7.00
7.97
6.98
5.96
8.06
7.39
8.21
6.98
4.98
7.42
6.20
6.29
4.96
5.87
6.30
6.23
6.99
7.36
7.31
3.97
6.09
6.45
7.38
7.38
7.99
7.04
8.34
9.99
8.74
5.98
8.99
8.62
7.99
8.99
5.99
7.99
5.99
6.99
3.98
1.98
7.13
8.35
8.59
4.96
5.99
9.44
8.72
6.99
9.08
3.98
9.63
9.55
11.5
7.87
8.93
4.99
6.95
6.92
9.96
7.99
6.95
8.71
10.0
6.94
7.35
8.87
6.89
7.28
7.87
8.14
5.99
7.61
10.0
5.01
12.0
11.0
7.00
7.01
9.00
7.00
6.99
8.00
9.00
6.00
10.0
9.00
8.01
9.00
6.00
9.00
10.0
8.75
7.00
9.04
7.44
7.60
10.0
9.02
7.01
7.66
7.85
6.95
11.0
9.00
8.73
10.9
6.95
2.99
9.00
5.97
9.97
6.95
10.1
7.32
9.81
6.97
8.17
9.00
7.33
7.98
7.94
6.98
11.4
8.97
6.99
8.92
7.93
8.66
5.99
9.35
7.83
7.01
9.00
8.22
6.99
8.93
8.23
8.99
9.26
8.42
7.34
7.80
7.99
7.96
5.00
8.99
8.38
9.42
8.28
6.99
10.1
9.96
8.77
7.93
9.00
6.00
8.00
6.99
8.21
6.95
6.91
11.0
9.67
9.00
9.19
8.97
8.97
10.5
10.4
7.95
8.74
10.0
8.55
9.00
