6.79
8.05
4.99
9.81
6.94
9.13
8.02
5.94
8.90
8.99
10.2
7.99
6.94
8.99
5.97
6.95
8.93
7.06
7.80
9.69
10.3
9.57
7.99
8.88
6.99
7.93
8.21
7.78
7.84
8.08
5.98
7.73
7.99
7.57
7.78
6.95
8.33
7.76
8.63
7.99
11.0
10.0
12.0
12.0
9.99
8.77
8.41
7.51
8.14
8.83
8.25
9.51
6.97
10.0
9.00
12.0
10.0
6.01
7.01
12.0
6.01
11.0
11.0
8.00
9.00
8.01
10.0
8.00
10.0
9.00
10.0
7.00
11.0
9.01
6.01
13.0
10.0
9.01
9.00
11.0
10.0
10.0
9.00
14.0
6.00
10.0
7.01
10.0
11.1
8.00
7.00
7.00
13.1
11.0
12.0
10.0
7.00
9.99
9.99
13.0
9.90
8.97
11.0
7.99
8.00
7.94
7.90
7.96
11.0
9.00
12.0
8.99
9.85
8.77
7.99
9.60
8.96
6.97
8.99
10.4
7.99
6.97
6.94
4.97
8.21
8.85
11.0
6.99
11.0
11.1
9.64
7.00
9.00
8.11
7.66
7.93
7.42
8.34
7.99
8.05
6.94
8.53
9.30
8.87
8.98
7.96
8.78
8.69
11.9
8.96
15.0
11.0
6.99
9.99
9.07
8.96
11.0
5.94
8.18
8.91
9.02
9.00
13.0
9.86
4.96
9.80
7.96
9.00
7.99
6.94
12.2
7.83
9.51
8.93
11.0
8.56
10.3
7.99
9.33
7.00
