10.4
10.0
7.85
10.1
9.00
10.0
10.0
10.0
8.00
11.0
7.00
10.1
12.0
8.75
9.00
10.0
10.0
5.00
9.00
9.00
8.00
5.00
11.0
9.00
5.00
8.00
9.00
8.00
9.00
10.0
10.0
9.00
10.4
11.0
6.26
9.00
10.6
10.8
9.00
8.00
7.00
13.5
4.00
9.00
10.0
6.00
11.0
8.00
7.57
10.0
10.0
11.0
8.00
9.00
7.00
9.86
12.0
10.0
10.0
6.00
6.93
9.00
7.00
9.00
9.00
9.00
14.0
11.0
9.00
9.00
8.00
7.00
9.00
11.0
13.0
10.0
11.0
9.00
8.00
10.0
10.0
8.00
8.00
14.0
12.0
11.0
5.00
10.0
11.0
12.0
10.0
8.00
9.00
13.0
9.00
7.00
13.0
8.00
9.00
10.0
11.0
12.0
10.0
7.00
8.00
9.00
10.0
10.0
10.0
13.0
8.00
10.0
7.00
9.00
9.00
7.00
10.0
9.00
8.00
10.0
8.00
7.00
7.62
6.00
8.00
10.0
8.00
14.0
10.0
10.0
9.60
8.00
7.00
12.0
9.00
9.00
10.0
12.0
9.00
11.0
9.94
11.0
14.0
9.00
10.0
6.00
13.0
6.00
10.0
7.00
11.0
7.00
8.00
9.00
11.0
12.0
8.00
10.0
10.0
8.00
5.00
11.0
8.00
11.0
9.00
9.00
8.00
10.0
10.0
11.0
9.00
12.0
10.0
6.00
10.0
11.0
5.00
10.0
6.00
13.0
