7.45
7.92
8.00
9.29
9.73
6.99
7.92
7.99
9.66
10.8
8.40
7.94
7.92
9.42
8.05
7.85
7.12
6.88
7.70
7.13
7.98
5.96
7.38
7.01
7.99
6.47
7.19
7.25
7.68
5.96
9.50
8.00
8.27
7.90
8.58
8.63
8.70
9.34
8.61
5.99
7.83
4.98
6.97
7.96
8.43
7.34
8.68
5.99
7.98
8.97
8.40
9.12
12.5
9.06
7.00
11.0
7.96
8.00
7.00
9.01
9.00
7.00
9.00
8.01
11.0
11.0
11.5
13.0
8.97
10.0
11.0
9.98
7.97
9.66
6.97
6.94
11.0
8.00
7.96
9.94
11.0
9.77
7.99
11.0
7.99
8.99
8.99
13.0
11.0
6.00
13.0
7.00
9.90
8.93
8.92
8.95
9.99
8.34
8.73
10.2
9.00
8.92
9.99
4.96
9.06
9.53
8.00
8.99
10.0
8.99
9.96
8.99
10.1
10.0
13.0
9.00
8.00
11.0
8.00
7.00
10.0
9.00
9.99
8.95
7.94
8.81
11.3
7.94
5.94
6.96
9.25
8.98
9.99
7.92
7.96
7.70
7.96
7.93
9.98
8.41
8.99
8.95
6.96
9.18
10.0
8.99
9.47
9.74
7.97
10.3
5.96
9.94
8.53
5.97
9.90
8.00
11.0
8.00
8.00
9.99
9.16
9.00
5.99
9.34
6.97
8.47
9.99
9.00
14.0
11.0
9.99
7.84
10.8
11.4
8.99
10.4
9.68
10.5
8.20
7.00
