6.30
6.93
7.94
7.10
8.00
8.65
7.51
7.58
11.0
6.98
3.98
7.65
7.59
6.06
5.98
7.11
6.32
5.73
7.45
6.23
6.84
5.97
7.22
6.56
7.51
7.00
7.00
8.37
7.58
4.98
7.09
7.28
8.15
7.84
7.68
8.00
8.00
10.0
9.32
7.99
10.6
11.0
7.99
6.99
6.99
8.61
6.81
8.62
7.99
8.71
6.93
6.99
8.68
5.99
6.95
10.7
7.78
7.96
7.99
6.95
8.41
7.95
7.99
7.32
6.96
7.61
8.88
7.61
6.92
8.66
7.37
7.68
7.26
8.75
7.32
7.63
7.99
6.99
9.00
9.00
10.0
8.81
7.00
9.59
9.00
8.96
8.99
8.00
8.95
9.48
7.00
15.0
7.92
8.57
4.97
6.93
8.00
9.01
6.00
12.1
8.01
6.01
8.00
7.83
9.00
7.77
9.45
6.00
6.00
8.00
7.97
7.97
9.58
7.95
10.0
5.96
6.98
7.96
8.00
7.00
9.58
9.21
8.05
7.00
8.18
7.91
8.27
5.95
10.2
6.96
5.96
7.87
9.01
10.0
11.0
5.97
7.77
8.70
6.00
8.34
5.97
7.93
8.47
8.99
9.00
8.15
7.36
6.96
8.00
12.0
8.96
6.98
5.94
9.27
8.70
9.00
11.0
11.0
8.58
9.00
8.12
7.00
7.77
4.99
11.1
4.00
8.00
5.00
10.0
8.00
10.0
7.00
9.00
9.00
9.00
8.00
5.99
6.00
8.16
8.00
