6.31
9.01
9.88
8.13
5.00
9.75
6.98
7.76
8.15
8.86
8.20
8.81
9.99
11.0
7.00
14.0
7.00
11.0
15.0
8.00
10.0
10.0
10.0
10.0
8.00
8.01
11.0
12.0
7.01
11.0
10.0
13.0
9.01
11.0
9.01
9.01
10.0
12.0
8.01
9.01
8.00
13.0
11.0
9.01
10.0
7.01
4.00
10.0
14.0
7.00
11.0
9.01
8.01
7.01
7.00
13.0
9.01
7.01
6.01
10.0
11.0
9.01
11.0
9.01
8.01
13.0
8.00
8.01
5.00
9.00
10.7
10.4
13.0
8.99
9.01
10.0
9.01
10.0
9.00
7.00
10.0
11.0
11.0
10.0
9.00
11.0
11.0
11.0
10.0
12.0
12.0
7.00
9.00
9.00
11.0
11.0
7.00
9.00
8.00
10.0
10.0
11.0
7.00
11.0
10.0
10.0
12.0
9.00
8.00
10.0
9.00
8.00
12.0
11.0
9.00
7.00
10.0
10.0
9.00
13.0
10.0
9.00
15.0
13.0
11.0
8.00
14.0
10.0
13.0
9.00
8.00
4.00
13.0
9.00
10.0
10.0
10.0
10.0
9.00
8.00
10.0
7.00
10.0
8.00
9.00
10.0
8.00
10.0
9.00
11.0
10.0
14.0
8.00
11.0
8.00
9.00
11.0
6.00
7.00
9.00
13.0
11.0
9.00
5.00
9.01
9.01
7.00
9.05
7.00
11.0
8.04
14.0
12.0
9.01
10.0
10.0
17.0
6.01
7.01
11.0
