7.00
9.00
9.00
7.00
9.00
9.00
10.0
7.00
9.00
9.00
9.00
8.00
9.00
8.00
9.00
7.00
9.00
10.0
8.00
9.00
9.00
8.00
9.00
6.00
7.00
10.0
9.00
8.00
10.0
8.00
8.00
7.00
9.00
8.00
7.00
9.00
9.00
8.00
9.00
11.0
7.00
10.0
9.00
9.00
8.00
9.00
8.00
7.00
9.00
8.00
9.00
9.00
9.00
9.00
8.99
9.00
8.00
8.06
7.00
8.00
9.00
7.00
7.00
10.0
8.00
9.00
7.00
9.00
9.00
9.00
8.00
9.00
10.0
8.00
9.00
9.00
7.00
9.00
9.00
9.00
8.00
10.0
8.57
9.00
8.00
8.00
2.40
1.30
1.07
8.00
10.0
8.00
9.00
8.00
10.0
8.00
8.00
9.00
10.0
9.00
9.00
9.00
9.00
9.00
9.00
8.00
8.00
9.00
9.00
9.00
10.0
9.00
7.00
8.00
10.0
7.00
9.00
8.00
8.00
9.00
8.00
9.00
9.00
10.0
12.0
7.00
9.00
6.00
8.00
8.00
9.00
8.00
10.0
11.0
9.00
8.00
9.00
9.00
8.00
10.0
9.00
9.00
9.00
8.00
8.00
8.00
0.74
9.00
9.00
8.00
9.00
9.00
10.0
10.0
10.0
7.00
7.00
9.00
8.00
7.00
9.00
9.00
9.00
9.00
9.00
9.00
9.00
9.00
7.00
8.00
9.00
8.00
8.00
7.00
7.00
10.0
7.00
8.00
8.00
