6.00
6.00
10.0
6.00
7.00
7.00
8.00
5.00
8.00
8.00
10.0
6.00
7.00
8.00
7.00
10.0
9.00
10.0
11.0
6.00
6.00
6.00
7.00
8.00
6.00
6.00
7.00
5.00
8.00
8.00
8.00
8.00
6.00
6.00
2.00
8.00
5.00
10.0
8.00
8.00
7.00
7.00
6.00
4.00
7.00
10.0
8.00
7.00
8.00
7.00
8.00
7.00
2.00
11.0
4.00
6.00
1.35
0.76
1.04
6.00
10.0
8.00
11.0
7.00
9.00
8.00
6.00
6.00
6.00
8.00
4.00
11.0
9.00
8.00
5.00
4.00
8.00
6.00
5.00
7.00
7.00
7.00
10.0
8.00
9.00
4.00
10.0
10.0
8.00
11.0
7.00
8.00
7.00
7.00
6.00
9.00
5.00
5.00
4.00
11.0
4.00
4.00
5.00
9.00
8.00
9.00
7.00
5.00
6.00
6.00
7.00
10.0
9.00
9.00
2.00
12.0
4.00
7.00
7.00
8.00
7.00
8.00
8.00
5.00
9.00
7.00
7.00
8.00
4.00
9.00
8.00
7.00
11.0
2.00
6.00
8.00
12.0
7.00
2.00
8.00
8.00
7.00
2.00
1.84
1.54
0.47
0.57
0.47
9.00
8.00
7.00
12.0
9.00
5.00
10.0
8.00
6.00
5.00
10.0
7.00
4.00
7.00
5.00
9.00
6.00
5.00
7.00
4.00
7.00
6.00
12.0
7.00
6.00
8.00
9.00
4.00
4.00
6.00
