7.00
8.00
8.00
9.49
9.70
7.00
9.00
7.00
9.00
8.00
10.6
4.00
7.51
9.55
8.00
11.0
9.00
10.7
7.00
7.00
10.0
8.00
8.00
9.00
7.00
8.00
7.00
7.54
9.00
10.3
9.00
8.84
5.00
11.0
7.99
8.00
9.51
9.00
5.00
8.00
11.0
11.0
9.37
8.84
4.00
5.00
9.00
11.2
8.00
8.00
9.00
8.00
8.65
11.0
7.00
10.0
10.0
7.00
8.00
5.00
8.00
4.00
6.00
7.00
5.00
10.0
8.00
5.00
6.00
7.00
8.00
10.0
6.00
9.00
9.00
7.00
9.00
6.00
7.00
9.00
10.0
7.00
8.00
5.00
8.00
10.0
10.0
6.00
10.0
5.00
11.0
5.00
4.00
8.00
6.00
6.00
6.00
8.00
11.0
6.00
10.0
9.00
9.00
12.0
10.0
10.0
7.00
8.00
8.00
9.00
10.0
5.00
8.00
10.0
8.00
11.0
8.00
5.00
8.00
10.0
9.00
7.00
8.00
7.00
8.00
6.00
8.00
7.00
6.00
10.0
9.00
7.00
11.0
9.00
7.00
7.00
11.0
5.00
10.0
7.00
9.00
6.00
8.00
14.0
11.0
11.0
7.00
9.00
5.00
10.0
8.58
7.00
11.0
11.0
7.00
4.00
9.00
8.00
5.00
5.00
6.00
7.00
7.00
9.00
9.00
11.0
9.00
7.00
7.00
5.00
9.00
11.0
8.00
9.00
10.0
9.00
12.0
6.00
9.00
7.00
