12.0
10.2
8.99
10.5
8.97
8.83
7.97
11.0
9.31
6.99
9.14
8.91
8.99
9.99
8.00
12.0
9.00
11.0
12.0
11.0
8.00
13.0
10.0
12.0
10.0
9.00
8.00
10.0
4.00
7.00
11.0
9.01
7.99
10.0
8.00
5.00
11.0
11.0
6.99
9.99
9.00
9.99
7.99
9.97
9.96
7.99
9.99
7.00
8.00
7.99
9.99
9.99
11.6
9.99
8.93
8.95
5.99
7.98
7.99
10.0
9.00
8.00
11.0
13.0
11.0
11.0
9.00
13.0
10.0
9.01
8.01
9.01
8.00
11.0
9.01
8.00
11.0
11.0
13.0
11.0
10.0
7.00
13.0
8.00
10.0
7.00
9.00
11.0
11.0
6.00
9.00
11.0
9.00
10.0
9.00
7.00
7.00
11.0
6.00
8.00
7.00
13.0
12.0
9.00
10.0
12.0
10.0
11.0
9.00
4.00
9.00
7.00
10.0
12.0
11.0
9.00
13.0
10.0
9.00
10.0
13.0
10.0
9.00
9.00
8.99
11.0
10.0
9.99
7.00
6.00
9.00
10.0
5.00
12.0
8.00
13.0
9.00
10.0
11.0
6.00
6.99
13.0
8.99
10.0
9.99
11.9
8.99
8.99
8.00
8.00
8.99
8.99
6.99
8.99
8.99
12.0
11.0
12.0
7.99
9.99
11.0
12.0
7.00
13.0
8.99
11.0
10.0
11.0
9.00
10.0
8.00
9.00
7.00
10.0
11.0
10.0
11.0
8.00
8.00
12.0
