8.00
10.0
9.00
8.00
9.00
9.00
6.00
7.00
7.00
8.00
8.00
8.00
9.00
7.00
9.00
8.00
8.00
9.00
8.00
8.00
9.00
9.00
9.00
8.00
10.0
8.00
9.00
10.0
11.0
7.00
8.00
10.0
10.0
8.00
9.00
7.00
8.00
8.00
8.00
9.00
9.00
9.00
8.00
10.0
9.00
10.0
8.00
8.00
8.00
6.00
8.00
10.0
9.00
9.00
5.00
9.00
8.00
9.00
1.38
8.00
8.00
9.00
10.0
10.0
9.00
9.00
9.00
9.00
7.00
8.00
9.00
10.0
9.00
8.00
9.00
7.00
9.00
10.0
8.00
9.00
9.00
9.00
7.00
7.61
10.0
8.00
9.00
2.37
1.50
8.00
9.00
8.00
8.00
8.00
10.0
7.00
7.00
10.0
9.00
7.00
7.00
9.00
10.0
7.00
8.00
10.0
9.00
9.00
9.00
8.00
2.74
1.87
9.00
10.0
8.00
9.00
8.00
9.00
8.00
8.00
9.00
10.0
8.00
7.00
8.00
10.0
8.00
9.00
8.00
8.00
10.0
9.00
9.00
9.00
8.00
8.00
7.00
10.0
9.00
7.00
9.00
9.00
8.00
8.00
9.00
2.61
2.16
8.00
9.00
9.00
9.00
7.00
7.00
10.0
8.00
7.00
10.0
8.00
10.0
9.00
9.00
9.00
6.00
9.00
8.00
7.00
8.00
8.00
9.00
9.00
7.00
9.00
8.00
9.00
6.00
10.0
8.00
