12.0
10.0
7.00
9.00
9.00
10.0
9.00
11.0
10.0
9.00
9.00
9.00
8.00
9.00
10.0
9.00
12.0
8.00
10.0
10.0
9.00
12.0
9.00
9.00
9.00
9.00
10.0
9.00
11.0
11.0
11.0
9.00
11.0
9.00
9.00
9.00
10.0
8.00
8.00
8.00
9.00
8.54
9.00
10.0
9.00
11.0
10.0
10.0
8.00
9.00
9.00
9.00
9.00
9.00
10.0
9.00
2.60
1.52
1.12
9.00
9.00
10.0
10.0
9.00
10.0
9.00
9.00
8.00
12.0
10.0
11.0
9.00
11.0
11.0
10.0
9.00
9.00
9.00
10.0
9.00
9.50
10.0
10.0
10.0
3.53
8.00
12.0
10.0
10.0
9.00
10.0
10.0
9.00
9.00
8.00
9.00
9.00
9.00
10.0
10.0
11.0
9.00
9.00
10.0
8.00
9.00
8.00
10.0
2.35
1.67
1.11
0.63
8.00
11.0
10.0
10.0
9.00
11.0
10.0
10.0
10.0
9.00
8.00
8.00
11.0
10.0
9.00
9.00
10.0
8.00
10.0
9.00
9.00
10.0
9.00
9.00
9.00
10.0
10.0
10.0
10.0
11.0
9.00
10.0
10.0
10.0
9.00
10.0
8.00
12.0
10.0
9.00
10.0
9.00
8.00
10.0
8.00
9.00
10.0
11.0
11.0
11.0
8.00
10.0
10.0
9.00
8.00
9.00
9.00
10.0
8.00
9.00
9.00
10.0
8.00
10.0
10.0
10.0
