9.00
10.0
8.00
9.00
11.0
11.0
11.0
9.00
9.00
9.00
10.0
11.0
9.00
9.00
8.00
8.00
10.0
11.0
9.00
8.00
10.0
9.00
9.00
8.00
9.00
9.00
10.0
10.0
9.00
11.0
9.00
11.0
9.00
8.00
12.0
10.0
10.0
11.0
12.0
9.00
9.00
8.00
8.00
9.00
10.0
8.00
9.00
9.00
8.00
10.0
10.0
10.0
8.00
10.0
10.0
8.00
10.0
11.0
9.00
10.0
9.00
8.00
11.0
10.0
8.00
10.0
9.00
7.00
11.0
9.00
9.00
9.00
8.00
10.0
9.00
8.00
9.00
11.0
10.0
8.00
9.00
9.49
10.0
7.00
8.00
4.15
10.0
8.00
13.0
8.00
11.0
8.00
9.00
10.0
9.00
9.00
9.00
9.00
10.0
10.0
9.00
9.00
9.00
10.0
9.00
9.00
10.0
9.00
10.0
2.37
1.86
1.12
0.99
9.00
8.00
10.0
10.0
8.00
9.00
10.0
9.00
9.00
10.0
10.0
9.00
8.00
10.0
8.00
8.00
8.00
9.00
9.00
10.0
9.00
9.00
8.00
9.00
8.00
10.0
10.0
8.00
9.00
10.0
11.0
9.00
10.0
11.0
11.0
10.0
7.00
10.0
10.0
8.00
8.00
9.00
9.00
7.00
8.00
10.0
9.00
10.0
11.0
9.00
10.0
11.0
9.00
9.00
10.0
8.00
11.0
12.0
9.00
10.0
9.00
9.00
10.0
9.00
8.00
9.00
