4.00
7.00
12.0
5.00
5.00
8.00
9.00
9.00
6.00
6.00
7.00
10.0
8.00
9.00
8.00
8.00
6.00
5.00
6.00
6.00
11.0
6.00
8.00
11.0
4.00
8.00
8.00
9.00
4.00
10.0
6.00
9.00
11.0
8.00
9.00
2.86
8.00
8.00
6.00
7.00
11.0
7.00
8.00
6.00
8.00
8.00
7.00
9.00
2.00
7.00
9.00
6.00
9.00
8.00
6.00
9.00
11.0
6.00
6.00
8.00
6.00
9.00
7.00
9.00
10.0
5.00
7.00
8.00
7.00
8.00
8.00
8.00
10.0
8.00
7.00
8.00
7.00
7.00
7.00
6.00
7.00
8.00
4.75
9.00
9.00
6.00
2.25
1.25
0.77
8.00
5.00
7.00
9.00
8.00
10.0
11.0
5.00
8.00
10.0
10.0
9.00
6.00
5.00
9.00
9.00
6.00
8.00
8.00
7.00
1.97
1.63
0.89
8.00
9.00
11.0
6.00
5.00
8.00
12.0
7.00
7.00
9.00
6.00
8.00
5.00
10.0
8.00
7.00
8.00
9.00
6.00
6.00
11.0
5.00
7.00
7.00
6.00
11.0
7.00
4.00
8.00
9.00
10.0
8.00
8.00
8.00
7.00
7.63
2.00
9.00
9.00
10.0
8.00
8.00
8.00
6.00
8.00
7.00
7.00
6.00
9.00
7.00
6.00
9.00
7.00
7.00
11.0
7.00
8.00
10.0
3.00
6.00
10.0
6.00
11.0
5.00
7.00
9.00
