5.83
4.98
6.27
7.52
9.21
8.01
9.00
9.99
9.15
8.99
8.97
8.99
10.0
8.00
11.0
9.00
8.00
8.00
11.0
6.00
9.00
10.0
9.00
7.00
6.95
7.99
6.99
7.80
7.36
10.0
9.27
9.26
8.95
8.00
9.00
11.0
7.00
8.57
7.98
8.39
8.28
8.00
6.28
8.12
7.87
5.96
7.19
13.0
10.0
10.0
8.05
7.62
6.59
5.00
5.95
8.83
8.00
6.00
6.52
9.00
6.72
5.97
6.99
6.99
8.78
9.00
5.84
6.97
6.76
5.97
6.61
10.0
9.01
6.61
8.00
10.2
8.68
9.00
9.00
10.0
11.0
7.00
7.00
7.00
7.01
7.00
10.0
8.00
12.0
8.00
7.00
10.0
8.03
7.03
6.01
10.0
8.00
9.00
9.04
8.03
7.01
6.00
9.00
10.0
6.03
7.00
8.00
10.0
6.00
5.00
9.00
13.0
10.0
5.00
11.0
9.00
10.0
12.0
6.00
9.00
9.00
10.0
10.0
9.74
8.00
11.0
4.97
11.3
8.86
8.00
7.00
8.00
9.00
7.93
8.92
8.99
8.00
10.0
5.00
11.0
8.93
9.54
6.00
9.00
10.4
9.84
9.26
8.00
13.0
9.00
7.97
7.88
9.00
9.00
8.00
15.0
7.19
7.42
6.96
8.27
7.00
11.0
6.99
7.00
8.00
8.38
4.00
10.0
6.23
8.42
5.95
8.36
12.0
10.0
3.00
5.98
8.67
7.96
9.00
9.00
