10.0
9.00
9.00
9.00
8.00
10.0
9.00
8.00
9.00
8.00
9.00
11.0
10.0
10.0
10.0
9.00
9.00
8.00
8.00
9.00
11.0
10.0
9.00
9.00
10.0
9.00
9.00
10.0
10.0
9.00
8.00
9.00
11.0
9.00
8.00
10.0
11.0
8.00
10.0
9.00
9.00
9.00
10.0
10.0
9.00
8.00
7.00
11.0
10.0
8.00
12.0
9.00
9.00
10.0
10.0
9.00
10.0
9.00
8.00
7.00
9.00
12.0
9.00
10.0
9.00
9.00
12.0
8.00
9.00
11.0
9.00
10.0
9.00
9.00
7.00
11.0
8.00
9.00
10.0
10.0
9.00
9.00
9.52
9.00
9.00
10.0
9.00
8.00
10.0
9.00
10.0
9.00
9.00
10.0
10.0
10.0
8.00
11.0
8.00
10.0
9.00
9.00
10.0
11.0
9.00
9.00
9.00
10.0
7.00
10.0
8.00
9.02
8.00
10.0
10.0
11.0
7.00
11.0
8.00
10.0
10.0
11.0
8.00
8.00
9.00
8.00
11.0
10.0
10.0
11.0
9.00
10.0
10.0
10.0
11.0
10.0
8.00
10.0
10.0
9.00
11.0
13.0
8.00
10.0
10.0
9.00
11.0
2.91
1.41
9.00
8.00
11.0
9.00
10.0
11.0
9.00
8.00
10.0
9.00
12.0
11.0
9.00
11.0
10.0
10.0
8.00
10.0
10.0
9.00
9.00
11.0
10.0
8.00
10.0
10.0
10.0
11.0
11.0
9.00
