6.00
7.00
6.00
12.4
8.80
6.00
8.00
10.0
5.00
9.00
10.4
6.00
5.82
6.43
8.00
8.00
8.00
9.15
7.00
9.00
8.00
8.00
8.00
6.00
6.00
10.0
8.00
8.00
9.00
9.59
10.0
10.0
9.00
6.00
8.00
9.00
4.76
7.00
8.00
6.00
4.00
7.00
8.49
11.0
10.0
9.00
9.00
8.70
7.00
8.00
6.00
8.00
10.7
7.00
9.00
8.00
9.00
8.00
9.00
9.00
8.00
10.0
8.00
4.00
8.00
10.0
7.96
5.00
8.00
10.0
8.88
8.00
11.0
7.00
6.00
7.00
11.0
7.00
5.00
8.00
9.00
11.0
9.00
9.00
5.00
11.0
7.00
10.0
9.00
8.00
8.00
10.0
10.0
12.0
12.0
9.00
11.0
7.00
8.00
6.00
9.00
8.00
10.0
9.00
8.00
9.00
10.0
9.00
9.00
8.00
5.00
11.0
9.00
10.0
7.00
5.00
8.00
11.0
9.00
12.0
10.0
7.00
8.00
9.00
7.00
5.00
7.00
6.00
9.00
9.00
9.00
9.00
7.00
5.00
11.0
9.00
8.00
11.0
7.00
12.0
11.0
9.00
8.00
7.00
9.00
9.00
5.00
8.00
7.00
11.0
9.00
12.0
7.00
11.0
6.00
8.00
8.00
8.00
8.00
9.00
10.0
14.0
10.0
8.00
8.00
11.0
10.0
11.0
9.00
10.0
8.00
11.0
10.0
9.00
9.00
11.0
10.0
8.00
10.0
9.00
