10.0
9.00
9.00
10.0
10.0
10.0
10.0
10.0
10.0
9.00
9.00
9.00
11.0
10.0
8.00
10.0
10.0
10.0
8.00
10.0
9.00
9.00
10.0
10.0
9.00
10.0
9.00
11.0
10.0
10.0
11.0
11.0
10.0
10.0
8.00
9.00
8.00
9.00
12.0
8.00
8.00
10.0
9.00
9.00
10.0
10.0
9.00
8.00
10.0
10.0
12.0
8.00
8.00
8.00
10.0
11.0
12.0
1.81
11.0
9.00
9.00
12.0
11.0
11.0
9.00
10.0
10.0
9.00
10.0
9.00
11.0
9.00
10.0
9.00
11.0
9.00
8.00
9.00
10.0
8.00
10.0
9.00
8.55
10.0
9.00
12.0
2.12
1.83
0.99
8.00
9.00
8.00
10.0
9.00
11.0
11.0
10.0
10.0
9.00
8.00
10.0
9.00
10.0
10.0
9.00
9.00
10.0
11.0
11.0
2.28
1.37
1.04
10.0
9.00
9.00
9.00
10.0
9.00
9.00
9.00
10.0
12.0
7.00
9.00
10.0
11.0
9.00
11.0
11.0
9.00
9.00
9.00
9.00
9.00
11.0
10.0
10.0
8.00
9.00
10.0
9.00
10.0
9.00
1.11
10.0
8.00
9.00
8.00
10.0
10.0
9.00
9.00
10.0
9.00
10.0
10.0
9.00
10.0
10.0
9.00
10.0
6.00
10.0
9.00
9.00
11.0
10.0
10.0
10.0
10.0
9.00
10.0
9.00
8.00
9.00
11.0
11.0
8.00
