9.46
9.00
10.0
9.00
6.00
9.00
9.00
8.54
12.0
8.00
9.00
9.00
8.46
10.5
8.00
11.7
13.6
10.0
8.00
14.0
8.76
7.00
7.00
7.00
9.45
9.74
11.0
10.3
8.40
10.0
10.3
8.84
8.86
12.1
4.00
10.0
6.66
8.00
8.00
6.00
5.00
6.65
14.2
10.9
8.00
5.00
11.0
10.8
8.00
9.00
8.00
4.00
8.00
8.00
8.00
12.0
10.0
10.0
7.00
9.00
8.00
9.00
7.00
8.00
6.00
8.00
8.00
11.0
9.00
6.00
11.0
9.00
9.00
8.00
11.0
10.0
8.00
10.0
8.00
13.0
7.00
11.0
6.65
9.00
8.00
9.00
12.0
9.00
8.00
8.00
8.00
9.00
11.0
7.00
9.00
10.0
13.0
5.00
7.00
6.00
9.00
8.00
10.0
5.00
11.0
7.00
13.0
12.0
9.00
10.0
9.00
9.00
11.0
8.00
9.00
10.0
8.00
16.0
12.0
9.00
10.0
9.00
8.00
10.0
7.00
9.00
8.00
13.0
10.0
8.00
10.0
10.0
13.0
12.0
11.0
10.0
6.00
12.0
14.0
9.00
10.0
12.0
13.0
8.00
9.00
13.0
9.00
9.00
7.00
11.0
10.5
8.00
13.0
9.00
9.00
9.00
8.00
8.00
7.00
10.0
6.00
12.0
9.00
12.0
13.0
7.00
4.00
7.00
12.0
11.0
9.00
6.00
9.00
13.0
9.00
10.0
10.0
13.0
8.00
10.0
