9.00
10.0
8.00
8.00
10.0
11.0
9.00
9.00
9.00
9.00
9.00
9.00
11.0
8.00
11.0
11.0
10.0
11.0
10.0
9.00
11.0
9.00
11.0
9.00
10.0
8.00
9.00
7.00
9.00
9.00
10.0
9.00
8.00
9.00
9.00
9.00
11.0
10.0
10.0
10.0
10.0
9.00
10.0
9.00
10.0
10.0
11.0
9.00
8.00
8.00
8.00
9.00
8.00
10.0
11.0
10.0
8.00
11.0
9.01
9.00
10.0
9.00
9.00
10.0
10.0
8.00
9.00
9.00
10.0
7.00
9.00
10.0
9.00
8.00
8.00
9.00
9.00
10.0
9.00
9.00
9.00
9.00
8.56
10.0
9.00
9.00
3.82
9.00
9.00
9.00
10.0
9.00
10.0
10.0
10.0
11.0
10.0
10.0
10.0
10.0
9.00
10.0
9.00
8.00
8.00
9.00
10.0
7.00
11.0
10.0
1.14
9.00
8.00
9.00
10.0
8.00
10.0
10.0
11.0
9.00
10.0
8.00
9.00
9.00
10.0
10.0
10.0
9.00
10.0
10.0
10.0
10.0
10.0
9.00
11.0
9.00
9.00
10.0
9.00
10.0
10.0
10.0
8.00
9.00
11.0
9.00
2.91
1.97
1.44
10.0
9.00
8.00
10.0
8.00
11.0
8.00
8.00
9.00
8.00
10.0
10.0
8.00
9.00
10.0
8.00
9.00
8.00
8.00
8.00
9.00
10.0
12.0
9.00
9.00
10.0
9.00
11.0
9.00
10.0
