3.43
3.88
6.26
8.26
8.26
7.28
3.93
1.94
4.22
4.12
2.41
5.21
6.33
1.66
6.20
3.40
3.79
5.23
5.98
6.04
0.62
1.79
7.33
6.18
5.55
6.97
0.32
4.66
6.11
4.56
3.96
3.44
6.44
4.13
8.33
8.32
2.87
2.99
6.23
6.78
5.32
0.63
4.65
4.41
5.63
9.45
6.70
4.79
2.69
5.97
4.10
4.21
6.94
4.44
4.50
3.95
4.82
5.48
3.92
5.38
6.11
4.57
6.45
3.33
5.80
5.20
9.01
3.13
1.68
6.38
6.71
3.67
5.87
2.08
5.87
4.31
0.33
5.96
6.05
5.55
6.92
5.21
7.44
3.48
4.04
7.05
6.57
7.24
4.14
5.15
8.37
4.35
5.59
6.32
7.44
8.14
3.74
3.53
6.41
6.11
4.82
6.62
3.02
5.07
1.75
5.82
5.82
6.82
5.18
3.96
5.06
3.09
0.97
5.82
6.27
4.23
4.43
2.62
6.05
5.05
