2.51
6.74
2.38
2.27
6.36
4.89
2.94
4.17
2.10
6.61
3.13
3.02
2.25
4.86
8.56
8.65
1.77
1.32
1.90
6.71
4.62
6.95
2.78
4.76
6.50
5.16
6.03
4.29
5.38
3.59
6.58
0.04
3.88
5.11
7.28
2.54
4.16
1.67
4.76
3.12
6.23
3.60
8.31
3.35
6.31
5.48
3.32
7.21
4.72
6.22
6.50
4.85
4.92
3.24
3.74
1.83
2.80
6.24
2.09
5.75
5.63
2.85
6.33
0.17
6.23
6.37
5.30
3.53
4.21
8.67
5.54
3.85
8.57
3.69
2.11
5.85
6.58
5.85
4.72
3.64
0.53
3.88
7.94
3.23
5.18
2.87
2.59
4.95
1.23
5.04
3.88
5.39
2.03
7.50
3.69
2.20
3.96
5.92
6.40
6.02
6.61
5.49
6.99
2.84
6.59
3.28
2.97
5.43
7.14
9.30
6.89
7.71
3.14
3.06
2.46
4.24
3.69
7.77
6.74
4.10
