3.14
5.19
5.76
3.95
3.87
4.27
2.98
4.65
2.71
6.89
4.51
6.07
1.82
5.17
5.30
2.26
2.79
6.34
7.67
3.27
5.91
2.35
7.50
3.18
8.63
4.71
8.47
4.47
4.13
4.79
4.14
3.68
5.11
4.77
4.28
4.97
4.00
7.71
6.21
0.69
4.83
4.06
2.37
7.94
5.27
9.44
7.50
8.21
5.91
4.66
5.71
4.21
5.14
6.97
7.31
5.88
9.40
6.59
8.28
3.43
5.17
2.85
4.43
7.37
6.15
7.82
7.21
9.45
5.04
4.94
7.19
5.76
5.76
6.34
2.45
8.16
4.17
2.77
5.23
3.29
3.85
7.29
3.11
7.31
6.96
3.56
4.14
6.50
7.52
9.89
4.82
5.80
5.16
6.72
2.56
5.53
4.48
3.23
5.45
7.78
6.48
3.98
2.71
7.87
4.11
7.08
7.13
10.2
3.13
6.52
9.33
3.87
6.21
5.53
5.66
10.9
3.91
5.87
4.01
5.79
