4.54
6.76
3.15
4.88
1.47
6.19
4.77
1.35
3.47
4.07
1.79
8.33
6.20
8.26
8.45
3.82
3.85
3.18
3.20
2.90
3.07
6.16
6.68
3.85
8.18
3.80
5.36
0.11
4.17
5.10
5.93
4.69
6.29
4.97
4.81
2.63
2.73
5.61
3.69
5.35
4.44
6.04
3.99
8.45
5.99
4.49
1.13
3.96
4.80
3.57
4.50
4.91
4.68
1.22
2.92
5.74
1.74
6.32
6.24
3.72
5.52
6.32
7.42
4.34
7.16
8.24
3.34
3.76
6.71
6.42
5.60
8.10
6.16
2.39
8.09
5.90
6.82
3.38
6.41
4.50
7.40
2.91
6.28
5.41
6.89
4.82
2.71
3.55
7.21
4.95
6.94
8.08
6.27
2.88
5.60
2.45
5.70
3.73
5.02
2.12
2.91
2.37
3.00
3.51
5.73
4.17
4.97
10.5
3.42
7.63
5.43
5.25
8.12
7.15
5.31
5.50
6.66
4.02
8.65
7.73
