4.55
1.98
5.46
4.81
4.71
3.29
2.64
4.43
3.52
7.41
5.31
5.43
6.13
6.56
5.91
4.17
3.79
6.56
7.39
4.66
7.12
4.08
5.27
7.66
7.29
7.95
7.37
6.70
4.53
2.95
6.56
4.86
6.33
7.73
2.57
9.87
3.80
2.68
3.46
4.42
4.95
2.84
8.12
4.20
7.23
6.05
4.70
5.37
0.46
2.22
1.52
5.86
4.57
3.11
3.96
5.08
7.00
6.76
6.17
1.53
6.87
8.52
2.55
1.66
4.49
2.53
5.79
2.22
3.82
4.98
6.73
3.26
5.84
3.61
6.14
6.42
3.53
3.63
4.70
5.34
5.80
3.48
6.46
1.39
6.83
3.59
2.36
6.78
3.85
7.48
5.34
1.59
6.48
8.04
7.18
2.50
2.54
4.64
1.32
0.91
5.88
3.37
3.55
7.86
1.69
7.72
4.93
4.59
5.19
6.73
3.44
6.17
1.50
1.36
6.35
12.3
4.48
3.57
3.65
4.87
