3.77
2.67
5.84
9.89
4.85
0.18
7.90
6.91
6.04
9.92
4.36
3.06
5.15
3.35
4.00
4.77
5.49
4.46
1.89
9.75
9.51
4.50
2.74
5.24
9.81
4.89
2.35
7.17
6.99
5.30
6.25
3.17
5.30
3.12
4.58
5.22
6.98
5.77
4.41
5.85
1.30
3.65
7.11
8.73
5.95
4.53
4.12
4.51
6.22
6.23
6.61
6.54
4.94
8.07
3.28
5.47
6.24
6.02
4.78
5.59
4.36
5.22
4.69
6.64
3.05
4.90
10.3
8.12
5.82
3.62
5.43
5.31
3.62
8.23
5.00
0.83
6.87
6.13
6.93
4.82
3.32
2.49
6.98
1.97
5.28
2.67
5.78
4.40
3.73
7.77
6.74
6.26
3.97
3.62
4.03
2.27
3.32
4.71
4.38
4.58
4.42
7.23
3.87
4.43
3.90
3.06
2.56
2.68
5.41
4.11
4.66
4.96
4.64
1.52
5.54
6.23
2.22
0.58
3.90
7.57
