5.55
1.62
6.51
3.63
2.50
8.03
7.98
7.66
9.94
3.07
6.18
6.74
3.97
7.45
7.44
5.46
6.32
5.24
5.19
7.03
2.85
7.27
5.43
7.90
4.84
7.90
6.61
7.00
4.71
3.38
5.53
2.08
2.05
1.89
4.32
2.68
2.17
7.43
5.00
2.59
3.19
0.44
4.62
5.47
5.26
4.58
5.77
3.79
5.89
3.57
4.45
5.99
8.15
2.56
4.71
2.89
4.37
6.72
9.96
1.33
1.34
5.62
2.57
2.91
9.79
2.97
8.51
4.79
7.22
0.16
4.84
5.19
1.33
4.40
6.25
8.32
6.33
4.61
4.05
4.18
4.96
2.29
5.49
4.33
4.81
5.72
4.12
6.12
4.01
6.91
5.59
5.89
4.29
1.97
0.78
3.84
6.42
1.23
7.41
5.43
0.07
4.66
4.00
5.11
2.82
4.23
4.89
6.38
8.81
8.18
9.44
4.53
9.39
3.91
7.25
3.72
2.98
7.03
4.58
7.41
