2.35
1.46
4.51
2.02
5.43
7.47
3.12
5.99
6.24
2.78
9.22
6.84
4.20
7.02
3.62
6.52
2.56
8.97
4.27
2.44
1.73
4.40
4.51
1.83
1.90
5.59
5.85
4.76
5.53
4.76
5.42
5.68
4.11
5.68
6.15
4.87
5.15
0.94
6.57
5.02
6.74
2.91
4.89
6.43
3.40
2.25
5.63
6.47
4.13
9.66
7.22
7.86
6.05
7.05
8.05
6.09
6.93
6.10
4.81
4.22
7.77
2.53
5.73
8.76
4.69
8.41
8.76
6.78
3.37
8.67
5.18
4.94
8.48
4.27
6.16
4.38
4.67
4.41
1.61
4.93
3.44
5.07
7.24
6.34
5.00
6.46
7.71
6.95
5.13
6.15
5.75
6.44
7.48
6.14
7.41
4.93
1.21
5.73
11.0
3.03
6.09
6.59
7.25
6.62
7.18
9.31
6.59
10.3
6.09
4.77
8.91
5.68
1.54
6.37
6.85
8.96
4.81
8.94
3.86
4.11
