3.87
4.45
3.44
6.23
2.05
4.96
5.35
3.72
6.72
6.72
1.73
6.22
3.96
7.24
5.57
4.66
2.74
4.92
5.64
3.21
2.77
5.50
3.74
0.26
7.25
8.36
6.29
4.89
5.89
4.81
3.25
5.89
8.26
4.31
7.25
3.01
5.17
4.62
6.39
3.69
5.62
6.79
3.76
5.57
5.06
2.32
6.59
1.83
7.04
9.09
3.55
5.72
7.05
3.02
5.28
3.46
7.02
6.72
1.08
5.55
5.43
6.75
8.42
1.98
6.95
2.27
7.55
4.73
1.28
4.89
4.42
4.78
6.00
4.76
5.50
4.41
5.46
5.89
4.69
6.06
7.14
7.86
5.31
7.76
3.83
2.76
2.57
4.94
5.32
3.01
6.67
5.33
7.64
4.23
7.28
2.41
8.28
3.23
1.82
6.99
3.25
1.77
8.79
6.72
5.94
5.80
4.63
4.17
3.39
4.32
4.27
3.98
5.10
3.97
4.83
3.80
6.13
4.37
9.29
4.07
