3.54
5.32
2.29
3.95
2.54
5.14
6.72
7.77
3.72
2.99
5.17
4.92
4.68
7.79
8.12
6.29
3.70
6.98
6.58
6.95
7.97
6.01
2.62
6.01
6.60
8.03
6.08
2.71
2.90
6.27
6.21
8.86
4.15
3.75
4.92
6.32
3.25
3.21
6.60
3.30
5.29
4.70
6.45
3.49
7.03
4.32
6.74
4.00
4.72
6.09
1.55
6.65
5.40
8.90
8.00
5.95
5.88
7.69
4.09
2.34
6.68
3.61
1.46
6.25
7.51
4.61
4.36
3.74
5.99
7.91
5.48
4.69
4.55
6.72
4.64
3.67
9.37
5.61
4.90
2.56
7.07
5.35
6.47
5.84
4.33
7.12
4.51
2.32
6.26
8.56
8.23
6.67
3.74
4.96
3.03
6.73
5.28
5.53
4.31
4.64
3.35
7.43
8.81
4.56
5.35
6.70
5.36
6.47
4.06
3.32
4.70
6.27
6.85
8.06
7.74
4.31
4.65
5.08
6.06
8.65
