5.55
6.19
5.58
2.05
5.12
4.27
10.8
1.42
4.76
4.34
1.20
3.98
1.63
8.20
5.27
6.15
7.17
7.17
5.18
4.15
7.32
6.70
4.46
7.55
1.55
5.58
6.53
3.31
3.10
3.69
5.73
4.41
3.83
5.12
5.56
4.19
7.49
1.14
5.55
2.39
7.87
3.45
4.71
0.97
6.30
6.44
2.92
6.58
3.75
4.35
1.92
4.92
3.01
9.44
0.28
3.49
5.99
6.76
4.63
5.72
4.80
7.95
6.05
4.72
4.97
4.87
8.21
9.80
7.49
4.40
4.41
3.62
4.09
3.61
7.61
0.71
8.21
6.02
5.88
0.69
2.81
1.48
4.20
7.18
10.1
8.26
4.43
0.62
5.04
8.93
2.65
6.59
1.15
6.20
2.96
4.87
2.82
4.70
4.99
7.21
5.00
6.56
6.80
5.86
3.91
4.84
9.90
5.34
5.94
7.41
3.08
5.73
6.67
5.63
7.97
5.12
5.55
6.51
4.43
4.25
