5.47
5.62
0.97
6.03
7.05
6.63
7.22
5.31
5.67
5.08
3.44
4.03
1.80
6.37
4.79
5.19
5.74
6.74
6.79
7.77
3.68
3.08
3.51
6.98
1.82
5.18
5.16
4.11
3.77
8.90
3.95
6.27
5.20
5.17
3.54
5.55
4.17
1.13
3.00
1.68
6.56
4.61
0.13
7.56
3.35
7.14
3.22
2.71
2.36
5.73
3.87
4.73
2.45
4.27
2.10
7.84
1.63
5.76
6.51
5.25
4.58
7.57
6.00
4.49
3.19
1.21
5.92
8.28
3.14
11.4
5.50
6.66
2.96
8.26
5.19
1.17
2.77
1.48
7.38
3.58
3.63
4.98
6.39
5.21
3.51
4.10
5.17
7.07
3.97
6.60
7.68
3.66
1.86
7.80
6.16
3.89
4.00
4.03
2.85
9.39
7.24
7.44
3.28
3.92
4.16
3.42
5.64
4.11
3.69
8.63
5.12
3.78
6.90
7.60
8.98
9.23
4.19
7.98
5.47
7.36
