7.55
5.69
7.74
6.89
3.20
7.38
4.85
6.71
5.04
5.86
6.81
2.49
4.56
5.37
6.42
3.70
5.56
5.15
3.50
4.74
4.27
5.75
3.93
7.54
4.92
3.73
2.86
6.30
4.07
5.86
3.40
7.65
1.68
3.44
2.13
3.68
4.19
5.14
5.26
7.45
6.41
5.03
7.78
7.12
7.21
5.87
5.89
4.61
3.81
5.82
3.73
1.01
5.67
6.85
4.80
7.07
6.06
3.84
4.62
8.29
2.13
4.86
5.27
2.46
4.73
5.76
6.29
1.81
4.89
3.73
7.80
5.22
2.82
8.68
4.57
4.62
2.69
4.10
6.42
4.20
7.33
6.66
4.40
0.50
4.45
9.66
3.93
5.09
8.17
2.67
7.66
8.67
2.47
3.50
2.83
4.66
4.22
5.26
6.18
2.88
2.81
4.13
2.68
6.29
8.53
7.90
11.6
4.81
4.21
5.98
1.80
5.90
4.22
4.05
5.36
4.37
0.72
5.50
5.21
4.58
