4.95
7.18
4.58
2.81
7.64
4.14
6.71
6.09
3.75
5.76
4.44
3.34
7.77
5.78
6.58
5.08
2.66
5.70
1.43
5.42
4.16
5.36
3.60
5.31
7.97
5.88
9.92
4.29
5.10
3.73
6.22
7.66
7.58
2.56
4.62
4.29
4.82
6.24
7.88
5.44
5.05
8.13
5.36
4.16
5.16
0.76
3.56
4.53
4.21
1.13
1.64
2.64
3.80
6.20
5.76
1.38
5.37
6.63
5.54
2.89
5.74
5.05
4.10
1.99
2.24
2.93
0.73
7.12
9.80
5.30
4.84
5.97
7.90
4.47
4.58
7.25
6.72
2.12
3.83
0.63
4.62
3.38
2.48
6.99
0.62
4.95
4.90
3.70
4.51
6.29
4.62
1.46
6.37
3.05
6.33
5.92
4.95
4.44
4.18
1.79
3.66
2.47
5.59
6.18
4.57
6.10
4.42
4.71
4.91
6.53
5.22
6.78
5.82
6.86
3.18
6.60
1.66
3.14
5.45
3.70
