2.36
3.44
8.60
3.81
5.03
7.28
7.73
3.74
4.14
6.02
2.93
4.06
8.69
3.16
8.10
2.52
6.85
4.33
7.75
4.28
4.93
3.11
4.69
1.89
7.00
1.83
5.63
0.18
6.14
5.70
3.51
3.30
2.89
3.52
6.61
3.67
1.76
3.80
4.81
6.45
4.92
4.19
4.38
4.85
5.09
9.38
4.25
2.67
7.12
1.08
4.39
9.91
5.82
5.31
7.07
5.98
6.44
7.01
3.46
8.45
4.33
3.90
3.78
3.10
5.51
4.88
1.74
4.57
3.01
5.20
7.77
4.48
3.14
1.09
6.15
8.31
3.15
3.86
4.46
6.13
4.82
4.12
7.17
4.07
4.54
4.87
6.13
6.44
5.04
4.79
4.67
5.00
5.51
1.95
5.69
5.81
4.35
7.31
6.48
3.06
4.20
9.15
6.52
6.35
2.33
6.36
4.70
6.24
7.31
0.50
3.68
4.28
2.21
2.57
6.69
3.32
7.47
4.15
8.65
6.75
