3.85
1.81
6.82
4.67
6.84
7.59
6.01
7.07
4.74
5.49
2.02
0.49
4.31
6.64
6.53
7.41
9.39
5.47
2.62
2.16
7.98
1.09
4.04
3.63
8.15
1.69
8.07
5.09
5.11
5.50
5.67
7.36
6.93
0.54
6.75
7.41
1.25
4.52
7.66
1.40
5.45
4.05
8.76
3.38
5.23
1.85
2.25
3.69
2.24
3.72
2.64
2.53
5.10
7.74
7.80
6.30
2.87
6.05
8.29
4.84
5.62
3.44
6.06
2.53
9.81
3.48
4.89
4.67
4.81
1.88
7.54
1.94
4.59
5.15
5.63
6.73
2.78
5.91
5.55
3.59
2.91
4.51
3.93
4.08
3.80
4.68
0.76
3.37
4.92
4.11
8.80
4.97
8.36
4.65
6.65
6.27
4.87
6.29
3.38
5.56
7.94
3.80
7.97
8.51
2.21
2.48
5.08
6.23
4.09
5.26
4.80
6.34
3.77
6.89
3.58
4.27
2.90
7.30
5.31
5.80
