5.42
6.08
6.52
5.50
5.56
5.37
2.52
6.74
6.89
6.70
7.08
5.28
2.94
5.45
8.14
4.60
5.71
2.73
6.20
4.71
5.69
4.49
4.21
4.75
3.74
4.11
6.13
6.65
6.62
2.95
7.54
1.07
2.20
3.00
7.23
4.32
2.59
0.65
1.30
8.17
1.94
1.36
6.89
6.90
7.04
5.25
5.76
5.64
2.40
6.67
0.56
7.86
7.12
3.77
4.58
5.82
5.73
4.62
5.84
5.40
8.28
1.93
3.20
6.57
9.46
4.82
4.44
5.74
6.77
4.15
2.43
4.63
5.57
3.17
5.61
1.14
1.92
4.97
3.54
2.54
10.2
5.32
2.47
6.03
2.83
4.15
3.42
7.51
2.68
3.31
5.55
2.53
6.52
1.38
3.41
0.84
1.71
4.46
5.59
7.71
6.46
6.36
6.52
0.40
5.36
4.90
2.16
5.32
6.05
4.15
6.65
2.61
7.87
4.72
2.70
6.67
2.44
5.40
5.35
4.92
