4.43
8.64
6.14
3.29
8.47
6.37
4.68
2.77
6.58
3.87
4.26
2.81
6.48
9.28
4.18
6.89
6.29
9.17
3.24
2.93
5.86
6.14
5.02
6.08
7.01
3.95
8.28
1.82
0.18
8.07
5.21
5.59
2.73
6.97
7.11
6.65
5.70
7.03
1.41
4.08
3.37
7.26
4.39
1.66
5.44
1.72
1.40
4.36
6.14
7.46
7.52
6.01
9.90
3.91
1.77
6.79
5.55
3.97
4.91
1.66
5.66
6.05
0.86
4.35
4.69
4.62
5.29
4.23
3.07
3.77
7.38
6.13
2.58
5.27
3.62
2.89
1.42
6.57
6.13
5.32
4.09
4.71
6.22
2.82
5.78
3.48
4.19
6.53
7.60
4.39
7.28
2.28
6.42
6.03
4.19
5.47
2.72
7.95
2.43
4.35
3.25
9.87
4.77
4.49
5.78
2.57
5.95
3.65
6.35
5.04
6.42
3.01
3.83
9.88
7.56
3.81
2.74
4.93
5.74
7.51
