4.05
2.82
5.36
4.51
3.06
4.74
5.24
2.59
9.18
7.76
6.88
6.64
4.88
4.49
4.99
3.52
7.79
4.42
4.95
4.21
3.89
4.99
4.86
5.98
3.02
3.15
8.05
4.19
2.62
3.11
5.47
6.18
5.57
7.40
2.72
6.17
9.48
3.40
5.77
5.96
5.65
2.89
1.93
5.54
7.33
3.79
3.83
2.61
6.11
7.14
3.61
0.34
3.75
6.47
3.25
8.26
5.35
2.86
3.70
6.93
6.33
5.58
4.54
4.74
2.73
6.80
3.88
3.39
3.59
4.39
6.63
5.51
6.33
4.33
0.54
4.59
5.11
8.25
0.92
5.99
6.94
2.63
4.17
6.60
7.28
3.71
5.03
1.87
4.59
0.67
7.02
4.12
1.67
7.67
7.18
3.89
4.87
7.33
3.67
4.90
6.12
3.56
2.66
0.47
3.96
5.55
7.19
1.60
6.00
5.38
4.27
4.42
5.65
2.71
4.47
6.25
4.25
4.15
8.52
5.67
