3.24
3.83
3.11
3.23
3.27
4.03
7.35
6.88
4.56
4.16
2.28
7.30
3.81
5.88
7.89
5.52
1.51
2.91
1.76
7.55
7.34
1.68
3.14
5.14
3.37
6.10
3.75
2.17
5.50
4.01
6.96
5.28
6.34
2.52
4.13
4.92
6.53
6.94
7.14
4.60
3.99
2.19
7.46
3.28
5.41
1.76
5.22
5.72
7.27
7.95
6.17
6.85
4.61
3.95
0.89
6.20
6.69
6.49
6.88
3.79
8.23
6.44
3.59
7.30
2.70
9.00
3.41
8.06
4.81
5.87
4.70
5.74
8.45
5.23
5.66
2.59
4.15
5.86
4.94
3.98
5.02
4.51
4.69
4.92
6.29
5.44
7.79
6.42
4.92
5.66
3.99
7.10
2.63
5.90
5.79
8.32
2.94
4.27
5.79
6.90
6.75
4.72
4.12
5.47
6.56
6.20
7.41
4.84
3.88
5.51
5.63
7.56
5.47
5.21
6.34
7.25
6.21
6.45
5.13
2.85
