6.18
4.25
7.85
4.30
8.14
4.22
5.31
3.63
4.38
5.74
7.19
8.55
5.21
7.21
5.98
6.16
5.68
5.49
4.91
4.38
3.84
3.84
3.21
6.02
6.26
7.79
7.06
4.02
1.96
3.61
2.89
1.14
5.01
5.10
8.59
3.50
5.97
3.72
6.00
6.29
6.35
0.61
1.88
6.47
1.83
4.75
4.90
6.44
4.01
2.72
4.89
2.47
8.72
4.27
7.31
2.82
3.51
3.81
3.96
5.25
8.60
3.52
8.35
2.36
7.18
1.92
5.51
2.13
2.14
3.59
1.85
0.88
5.78
0.64
5.82
3.71
4.59
5.57
8.68
7.41
3.26
5.77
2.96
8.12
8.83
6.05
5.67
3.47
6.08
5.83
1.77
6.57
7.04
3.67
5.70
6.74
6.23
4.37
6.20
6.36
4.96
4.94
5.13
6.78
6.10
4.62
9.30
4.36
5.81
2.11
7.04
0.04
4.81
4.18
6.09
5.57
3.75
5.23
7.15
5.33
