3.26
4.93
0.88
4.45
6.60
5.05
1.98
7.18
2.92
5.80
2.87
6.62
10.0
2.83
1.62
2.53
3.25
4.77
5.61
5.11
4.64
5.62
7.34
4.80
2.52
6.03
3.88
2.80
3.64
4.90
6.39
2.89
2.09
3.94
6.87
5.57
7.56
6.20
3.80
4.26
5.04
3.94
4.83
3.77
4.05
3.58
0.57
5.99
6.44
4.31
7.54
3.19
4.58
4.50
1.29
4.40
3.87
4.24
7.42
6.75
2.18
6.28
4.99
4.08
6.15
2.97
7.66
7.47
8.07
5.56
4.18
9.89
3.21
5.22
1.44
5.50
4.41
3.74
4.51
2.03
7.13
4.71
6.42
5.84
2.50
5.13
6.42
3.82
7.24
7.29
5.21
3.51
4.21
0.77
3.69
6.89
4.01
0.94
8.13
5.65
5.05
3.21
2.55
2.52
6.85
6.75
4.98
3.66
6.57
5.34
1.62
2.75
8.18
2.94
7.49
4.21
2.17
7.22
8.34
5.32
