0.48
6.18
5.66
7.30
4.65
2.10
8.50
6.85
5.67
6.33
6.87
3.51
4.84
3.90
5.50
5.50
2.62
7.40
4.77
5.88
1.65
3.54
4.32
3.92
4.54
4.08
4.24
6.09
3.43
3.56
7.41
3.27
4.92
4.27
6.59
6.20
3.01
8.38
6.85
5.64
2.89
5.22
2.38
8.37
2.71
7.24
4.63
4.55
3.34
1.19
2.81
3.89
1.66
3.36
6.42
9.06
5.96
6.90
9.92
1.56
2.85
6.16
6.59
3.92
7.22
4.80
6.81
6.06
3.53
5.86
5.92
6.93
4.84
8.55
1.22
1.28
3.02
4.79
8.27
5.61
4.72
6.40
3.96
4.89
4.79
9.45
7.11
5.36
6.88
3.03
8.31
1.95
3.28
9.40
7.64
3.68
2.94
4.53
4.70
4.85
3.34
4.08
3.53
2.66
5.98
1.77
5.80
7.08
4.20
2.07
5.27
6.21
1.66
6.38
5.43
5.23
9.15
9.00
2.20
3.87
