6.28
4.59
8.20
4.64
5.97
6.78
8.94
3.59
7.36
6.15
9.31
5.05
3.40
5.46
6.67
3.88
4.24
2.91
1.22
6.83
7.12
4.15
5.40
0.89
3.88
4.73
5.90
5.09
7.75
6.34
0.68
4.39
3.19
2.96
3.30
8.01
4.62
4.16
5.09
5.17
5.24
4.37
6.16
6.05
3.83
6.25
5.79
2.28
4.52
6.36
4.53
4.24
4.96
4.11
4.33
6.60
5.71
3.77
6.64
5.08
4.39
7.12
8.30
7.80
1.56
4.20
6.37
4.99
5.63
0.68
3.84
8.57
2.53
5.13
3.25
6.09
4.69
5.73
0.51
3.15
11.0
1.76
2.80
2.72
5.39
6.94
7.32
2.68
2.51
4.55
3.06
7.37
7.14
4.00
5.80
5.98
8.29
6.09
3.85
6.40
4.71
2.67
5.34
4.25
5.36
5.25
3.24
4.58
5.97
3.53
7.40
10.8
2.59
5.48
5.78
3.39
8.64
7.97
6.84
2.40
