3.32
5.14
5.00
8.72
4.40
3.25
3.76
3.88
3.97
2.29
6.17
3.98
7.89
4.66
3.12
1.93
4.90
4.44
5.68
5.50
8.38
9.49
3.58
5.56
5.74
4.07
4.96
6.00
7.60
4.58
3.64
6.84
6.71
4.42
4.66
5.62
2.98
5.56
5.12
6.02
4.47
10.6
3.26
3.73
3.44
9.48
7.05
4.93
1.27
5.14
5.30
4.19
7.25
5.71
7.50
4.25
7.69
6.18
6.90
7.70
4.07
4.48
5.91
7.21
7.50
3.80
4.16
4.64
3.14
1.91
7.43
4.86
1.56
6.58
0.78
6.00
3.80
1.57
5.10
7.53
6.81
5.90
4.83
1.98
4.15
7.02
2.40
3.17
5.22
3.44
2.02
4.82
3.71
2.70
9.88
6.27
3.82
7.42
7.19
3.65
7.29
1.35
3.65
2.59
9.05
2.91
3.41
5.35
4.79
4.37
6.52
7.41
4.09
3.36
3.49
3.73
6.29
3.02
4.51
4.60
