6.33
7.78
5.72
11.2
4.73
6.74
3.64
3.94
5.13
5.54
4.27
5.45
5.42
7.21
6.61
5.64
3.85
6.75
8.06
5.33
7.17
5.50
3.60
7.18
4.25
4.58
3.95
5.37
3.92
6.47
7.94
4.23
4.73
1.50
6.23
8.35
1.21
6.48
8.35
6.53
6.32
5.38
9.25
5.59
4.47
5.41
3.77
6.52
6.78
1.46
1.66
5.12
5.39
3.81
6.23
7.14
4.00
4.54
7.57
4.21
1.75
3.40
2.37
5.88
6.02
4.62
3.97
4.85
6.77
5.19
7.47
2.94
3.57
2.28
3.78
5.31
3.80
2.51
4.44
5.70
4.34
2.42
3.79
6.25
0.32
7.61
3.06
5.16
6.87
3.95
6.13
3.98
5.47
4.52
6.56
8.66
3.90
4.13
8.03
4.57
3.93
2.26
3.44
3.30
4.27
5.68
4.19
4.00
2.71
6.33
4.08
7.44
4.77
7.55
6.92
3.77
2.77
0.61
4.85
9.12
