1.72
4.24
6.20
3.67
7.65
4.14
3.71
4.37
4.42
3.89
5.06
5.67
4.39
4.09
6.80
3.97
1.17
2.40
3.62
2.52
6.60
6.73
1.14
3.09
1.44
2.33
4.31
6.91
5.78
5.66
5.28
6.36
5.96
6.13
4.50
5.10
6.80
4.21
6.39
4.71
7.08
4.61
7.94
5.95
7.17
7.66
4.12
5.05
5.00
6.39
5.28
2.70
7.30
8.58
6.27
4.65
6.26
3.06
4.63
2.86
5.89
6.07
4.51
3.36
4.62
6.63
1.89
5.18
3.44
3.22
2.13
2.80
4.41
9.62
1.93
4.70
7.09
2.44
6.79
9.69
3.18
3.75
4.37
2.36
8.03
4.57
4.52
4.69
8.34
6.61
5.79
4.42
4.14
7.09
5.17
2.74
6.73
6.65
9.45
7.12
5.49
4.92
9.07
8.32
2.15
7.94
7.08
8.44
5.75
8.25
3.80
4.74
7.46
4.90
2.01
3.93
6.82
6.11
3.51
5.40
