5.32
8.90
4.06
3.53
4.15
4.40
3.54
6.39
6.54
6.32
7.39
0.76
2.01
4.44
4.45
5.73
5.57
2.40
6.03
5.96
4.37
7.19
5.24
7.20
3.84
6.30
7.12
5.98
5.04
7.70
4.50
8.32
5.55
5.43
3.63
0.99
5.22
5.69
4.22
3.97
4.92
2.64
6.14
0.33
3.22
7.77
5.01
4.52
1.26
4.60
4.78
5.14
4.95
3.19
6.05
4.24
4.20
4.85
4.85
5.85
8.41
5.72
10.3
4.61
2.89
6.13
9.01
6.41
7.82
4.39
6.25
4.60
4.07
2.07
2.29
1.44
6.74
2.06
1.95
4.82
4.76
3.87
10.1
3.80
7.41
3.64
6.26
3.34
3.81
4.52
4.19
3.70
4.18
8.77
6.31
6.23
4.69
3.56
2.79
8.04
5.67
0.55
6.06
6.27
3.48
5.00
4.14
14.2
5.59
3.77
5.97
3.32
0.65
4.50
4.53
4.69
7.05
3.50
8.65
6.89
