6.41
5.49
8.50
1.93
1.52
0.05
7.79
7.75
5.39
7.85
5.67
4.67
5.45
6.34
6.08
2.67
5.90
5.78
4.15
0.81
6.71
0.09
3.18
4.13
1.69
4.23
5.18
5.24
7.16
2.35
3.93
2.03
4.75
10.1
4.78
6.82
3.03
6.95
8.46
0.94
4.46
8.93
9.41
2.28
4.56
5.84
3.15
3.61
3.44
3.81
5.72
4.38
6.25
7.55
4.13
6.80
2.58
6.50
5.32
3.34
7.07
5.41
4.48
5.65
6.62
8.25
8.38
3.10
6.72
4.69
3.71
6.97
6.34
7.36
4.57
6.92
5.70
2.67
4.93
5.11
4.91
6.77
5.81
5.97
5.33
4.06
4.46
1.78
6.32
1.23
6.37
2.15
1.27
1.60
5.59
7.46
4.19
5.24
6.39
5.63
6.15
5.49
5.32
5.18
3.02
3.66
7.51
3.85
5.09
6.77
2.56
7.30
1.42
4.77
0.55
6.76
2.58
2.28
4.37
4.87
