3.15
0.94
3.57
6.02
4.26
1.86
4.52
4.85
7.74
2.32
4.65
5.87
5.31
7.24
7.78
5.04
4.02
6.17
2.64
0.56
4.83
6.42
2.31
6.18
7.94
6.04
8.02
4.46
6.63
7.62
0.60
5.16
6.34
1.53
4.26
3.11
2.94
5.14
4.96
4.57
4.79
3.62
6.41
4.23
0.52
2.08
1.35
6.64
4.31
7.23
1.82
2.75
6.12
4.48
5.25
5.35
6.35
4.00
6.75
5.97
1.93
8.80
5.38
4.44
5.92
5.37
5.63
6.09
2.61
3.82
7.83
7.00
0.96
0.73
6.48
4.57
9.46
2.23
5.14
3.64
7.43
4.25
3.28
9.17
6.47
4.40
7.79
3.66
4.71
4.09
6.03
2.27
6.26
6.50
3.96
5.40
5.13
0.37
6.56
4.60
4.58
6.31
6.67
4.84
5.82
7.65
7.34
8.62
5.59
7.14
3.08
4.15
4.42
6.79
5.02
2.42
7.26
2.15
5.86
6.18
