3.55
6.16
6.63
2.93
2.29
5.64
4.04
6.47
5.41
6.83
6.35
7.46
6.25
3.49
4.98
5.11
5.70
6.00
5.81
6.72
3.29
3.19
9.12
4.39
3.37
2.88
2.28
7.65
5.49
2.58
9.30
5.59
6.78
2.14
5.86
4.48
6.26
6.77
4.00
1.83
4.73
5.27
5.00
3.05
7.52
5.24
4.48
4.51
10.2
6.95
5.28
5.30
3.57
6.42
5.66
6.55
6.86
5.98
6.05
7.70
4.64
1.98
5.03
5.49
4.51
7.85
3.70
6.31
6.91
0.51
4.61
4.24
1.04
6.02
5.27
5.71
4.71
5.51
3.32
1.99
4.42
5.93
2.75
6.68
7.12
5.42
6.18
4.27
3.03
4.36
5.70
2.19
0.95
4.86
5.62
4.18
3.14
6.88
4.45
3.27
0.44
4.54
5.04
6.05
4.60
4.96
5.00
3.13
3.72
4.27
8.47
3.32
7.79
5.52
5.16
7.18
7.32
9.11
3.61
4.21
