0.45
1.82
0.81
0.02
3.04
1.70
1.27
0.83
0.18
0.20
7.06
5.82
1.67
1.40
1.97
0.43
1.78
2.67
1.44
1.00
2.17
5.62
0.73
0.18
3.72
3.02
5.87
0.21
0.35
0.10
1.64
1.84
1.78
3.08
1.26
0.08
0.81
0.81
1.41
2.87
2.29
0.93
1.12
3.42
4.86
7.53
1.68
0.24
1.16
0.76
1.99
7.11
0.14
1.87
0.79
1.56
2.23
0.87
0.18
2.56
0.67
2.14
1.99
2.26
1.56
0.67
2.31
0.70
0.46
0.33
3.30
0.28
0.74
1.09
3.84
1.36
0.20
0.21
4.56
3.31
1.27
3.88
0.80
3.65
0.24
1.19
0.83
2.84
1.71
0.78
0.43
8.69
1.62
0.35
0.10
0.16
6.65
2.99
0.39
1.87
2.50
2.59
0.91
0.08
1.41
2.61
0.74
0.72
8.40
4.40
4.90
0.77
2.08
2.23
1.32
1.24
0.98
5.07
1.78
1.29
