2.09
1.62
5.35
6.38
3.22
5.01
5.61
5.76
5.80
3.03
2.83
5.05
5.50
4.97
3.75
5.79
2.98
3.32
5.70
1.19
5.66
4.00
3.20
7.79
3.07
5.27
4.31
2.85
2.76
6.90
8.80
1.58
7.01
6.94
6.19
9.06
6.19
5.12
4.86
2.66
7.15
1.45
7.37
5.38
5.86
5.78
7.51
6.45
10.8
8.09
5.21
6.80
3.63
7.11
8.59
4.76
2.38
5.98
3.31
2.58
3.85
4.32
4.58
5.23
1.96
4.49
4.90
8.77
1.79
6.25
4.06
3.41
2.97
2.14
3.16
4.22
8.26
7.85
6.30
4.88
5.77
4.75
4.53
5.15
3.35
3.12
7.08
10.7
1.29
8.29
5.51
4.37
1.77
4.45
5.02
6.45
1.61
2.66
3.42
5.63
6.19
4.43
1.41
2.11
2.51
5.81
7.39
0.22
3.20
1.32
2.14
0.98
2.23
8.08
5.66
8.11
5.80
4.05
6.72
7.70
