5.14
4.85
5.26
6.08
5.74
4.04
4.12
6.51
9.09
5.93
3.42
3.39
4.50
5.51
3.45
2.65
2.23
5.48
6.47
3.31
4.95
7.23
9.03
4.50
5.01
6.30
7.03
6.76
3.69
4.15
1.81
1.88
1.08
2.27
3.98
7.20
5.26
2.41
5.36
4.32
5.76
5.80
7.07
1.17
1.87
4.30
4.63
1.08
6.39
3.94
5.78
5.04
7.00
5.39
6.83
2.93
7.98
5.68
5.24
2.80
5.78
1.80
7.45
5.89
5.64
7.46
11.4
4.41
3.94
3.26
2.57
6.48
3.67
7.18
5.76
7.90
3.28
5.95
5.20
4.98
6.98
4.23
3.12
8.18
4.70
2.28
6.26
2.41
8.00
0.96
2.52
3.77
5.23
5.00
7.78
2.36
3.53
3.61
4.18
2.29
5.12
5.49
7.96
3.59
6.67
10.4
5.94
5.73
7.40
6.15
4.86
4.03
4.93
7.20
3.82
3.86
3.24
0.30
5.14
5.97
