5.82
8.56
4.82
4.08
4.30
6.16
6.08
4.61
4.50
8.16
6.45
7.69
1.86
5.05
2.53
6.03
4.30
2.15
5.06
7.53
7.36
4.15
4.08
4.32
4.65
3.62
5.48
4.57
5.80
7.49
3.25
3.00
4.90
5.81
6.05
4.28
5.41
5.72
6.18
3.65
1.14
8.92
0.51
1.76
4.37
6.49
2.77
6.43
4.43
2.03
10.2
4.34
5.83
4.48
6.06
5.19
2.01
4.99
4.33
0.61
3.27
4.13
7.20
6.94
5.87
7.82
4.24
5.70
7.22
3.61
5.57
8.17
1.00
7.17
4.54
4.20
4.15
8.67
7.94
2.52
4.57
6.76
6.00
4.74
7.85
6.88
4.67
0.89
7.48
6.45
4.00
7.74
8.09
3.02
3.16
7.07
3.32
5.48
7.55
1.99
2.83
5.57
6.42
3.33
6.64
5.05
9.37
5.37
4.49
5.35
3.46
6.30
2.20
3.25
7.58
5.44
1.46
7.31
5.02
4.70
