0.37
1.80
0.84
3.28
6.36
1.68
6.29
6.92
4.83
4.29
4.42
4.11
4.62
7.95
5.95
0.07
2.98
2.53
6.22
4.50
6.61
4.78
3.75
7.81
3.71
4.90
5.98
6.00
4.72
6.55
5.18
3.14
2.11
6.50
5.88
6.98
6.42
4.29
2.52
2.61
2.40
7.65
5.35
4.66
6.48
5.28
6.64
3.06
5.03
7.66
2.15
4.19
4.49
4.24
5.02
6.86
4.39
6.84
7.03
6.80
4.58
3.96
8.12
6.02
4.96
6.42
6.24
4.86
1.59
5.93
4.20
5.78
6.58
2.76
7.52
2.83
6.09
4.72
5.40
3.91
6.97
2.74
7.02
6.08
5.86
2.58
7.89
4.77
6.15
7.63
6.63
7.54
8.69
2.17
1.85
7.40
7.97
5.55
3.36
1.83
3.36
3.97
3.63
5.22
6.89
4.04
4.10
5.74
6.54
3.19
2.28
4.62
7.04
5.41
7.12
8.76
8.01
6.51
6.16
8.28
