5.93
5.10
3.96
3.46
4.23
6.81
5.99
5.75
3.90
7.96
3.52
7.96
7.63
6.02
4.00
2.54
4.91
2.97
6.74
4.70
4.65
7.37
8.03
4.55
1.68
5.30
6.91
0.38
7.83
5.47
7.08
3.52
6.08
3.21
10.2
8.56
5.86
7.94
4.44
9.55
4.73
1.15
1.79
4.22
8.21
4.19
8.79
5.91
6.62
5.02
4.63
5.75
6.27
3.86
6.63
3.04
3.30
2.19
1.63
3.57
6.05
3.09
6.48
5.80
1.39
4.92
3.17
8.57
2.80
5.61
7.87
5.14
3.78
4.62
5.34
4.65
6.13
6.96
7.47
4.76
2.32
4.63
0.65
9.25
8.70
6.00
6.20
3.14
6.52
6.22
6.47
2.44
6.39
6.37
6.51
5.06
5.06
5.97
5.62
5.94
6.87
4.09
3.27
7.49
1.07
4.40
2.26
7.77
7.57
6.23
1.94
9.51
6.72
3.82
5.69
3.78
6.10
5.67
6.08
6.08
