5.87
6.84
3.21
5.67
6.48
3.13
4.08
5.54
5.01
7.56
6.31
2.64
5.47
7.23
1.40
8.15
7.14
9.70
3.79
5.99
1.84
5.41
7.39
4.73
7.19
7.94
2.98
6.90
3.95
8.26
5.59
6.77
5.97
6.07
2.49
5.84
6.19
5.03
1.93
6.07
5.95
2.78
5.97
6.94
5.66
6.15
9.83
1.73
9.72
6.85
6.48
7.16
5.40
5.88
3.60
5.25
2.15
5.19
4.34
5.45
3.36
5.89
5.87
3.86
1.16
5.50
1.34
6.27
5.66
6.63
4.50
0.35
6.52
9.17
6.53
9.07
2.80
3.41
5.03
3.94
3.54
2.69
6.96
1.56
5.20
7.91
4.93
4.96
8.32
4.06
4.33
3.29
2.00
5.63
6.67
6.29
5.57
2.66
4.45
6.78
3.58
3.67
5.35
8.33
7.35
1.45
5.18
4.54
8.33
5.91
3.19
4.29
6.55
2.12
7.99
6.09
7.46
7.23
4.92
4.57
