4.15
5.40
2.85
1.91
4.17
6.65
7.48
2.73
7.23
6.90
6.18
4.76
7.52
7.30
4.63
7.92
9.93
4.36
3.79
7.09
5.26
2.16
4.48
4.99
3.62
2.57
6.61
4.56
7.28
5.68
5.72
3.45
5.51
5.19
5.51
8.31
9.61
2.61
7.69
6.64
5.12
6.33
1.67
7.03
1.99
1.17
2.37
7.51
2.81
6.13
8.37
5.98
2.78
4.00
2.65
4.34
7.41
4.35
5.14
6.97
7.58
5.01
3.53
3.37
5.92
6.16
4.19
8.57
1.67
6.48
6.27
6.10
3.04
5.08
4.05
7.21
7.72
6.01
2.32
2.63
6.19
7.31
4.32
1.77
3.38
3.19
7.49
6.95
3.37
6.53
6.72
3.98
2.57
8.29
4.81
5.77
6.67
4.51
7.68
5.53
5.78
6.68
6.74
0.62
3.71
6.16
5.99
2.00
3.52
4.05
2.76
5.11
7.54
8.53
8.15
4.82
5.73
6.25
5.24
5.30
