5.94
5.57
6.21
3.12
3.67
4.93
6.38
8.85
4.04
4.51
4.73
4.61
4.57
3.77
3.26
4.44
6.21
0.94
0.27
6.08
5.29
9.41
2.98
3.17
2.76
6.18
3.50
0.56
1.40
6.67
5.91
2.30
8.74
5.79
4.64
1.49
2.26
5.80
4.42
6.63
0.58
8.09
3.88
5.95
6.99
2.44
5.78
5.76
3.13
2.51
2.49
7.50
3.23
7.14
1.83
3.78
4.46
3.19
5.89
5.09
7.49
3.62
7.67
4.76
3.04
1.16
3.77
6.37
6.22
6.47
7.72
1.89
4.00
6.06
3.84
7.34
7.47
4.94
3.47
7.73
3.06
4.25
2.42
6.00
5.35
6.05
5.40
5.46
4.94
2.83
6.76
5.92
5.17
5.04
5.71
2.02
5.28
2.46
8.22
5.37
3.37
5.51
5.69
7.50
6.03
6.00
6.07
6.44
6.59
5.63
7.11
4.30
4.07
7.94
6.30
2.34
5.68
5.97
2.64
3.76
