1.08
2.64
5.74
5.51
7.56
7.10
4.69
7.08
5.66
4.19
5.92
3.48
5.53
5.02
4.83
4.75
6.54
6.29
6.88
6.45
3.17
4.30
1.11
3.22
1.64
4.97
4.27
1.97
3.70
3.28
4.26
10.4
9.62
8.60
5.18
4.82
2.76
5.61
3.44
2.81
7.68
9.66
4.92
1.40
5.19
0.85
3.46
4.67
5.46
5.69
5.94
8.94
4.93
8.50
3.24
2.34
10.3
5.43
7.90
6.57
2.20
3.20
6.86
1.01
4.47
2.12
0.92
7.85
8.38
5.30
0.81
4.95
2.92
5.52
4.93
1.71
5.94
6.19
6.12
6.77
0.65
3.44
5.89
7.26
5.76
8.45
7.18
3.51
4.07
6.53
3.86
6.74
3.95
3.35
4.24
8.13
8.22
4.36
4.06
7.33
3.49
7.45
7.61
6.44
3.09
5.46
4.61
6.53
2.01
5.89
3.75
5.67
9.62
5.69
6.86
0.85
1.53
6.81
3.08
4.96
