4.99
6.12
6.33
3.88
8.58
3.64
1.07
2.77
6.30
3.46
4.71
0.74
6.77
8.07
1.73
7.77
4.15
4.87
4.78
3.57
2.81
7.15
5.19
0.75
6.67
3.83
8.40
3.61
4.04
3.94
6.76
4.67
4.94
8.28
4.37
6.27
3.98
3.92
5.16
3.72
1.04
4.70
5.16
5.25
4.01
5.35
4.23
3.49
5.90
6.46
3.81
7.07
5.27
8.31
5.39
4.89
7.33
5.67
2.80
3.47
8.51
5.71
5.92
4.02
7.76
0.69
8.04
7.37
2.94
4.36
4.46
3.13
5.29
6.05
4.30
5.07
2.13
3.67
3.49
4.87
2.66
4.21
5.08
2.93
2.41
3.41
1.57
4.77
8.50
2.03
5.26
5.00
4.66
5.40
7.12
3.48
6.68
4.67
5.62
6.60
7.09
5.19
7.65
6.29
4.41
4.27
4.47
2.70
2.63
5.99
4.78
8.44
6.05
2.21
6.70
6.13
4.13
6.93
5.76
4.87
