5.63
5.08
1.42
7.13
6.24
3.65
3.51
5.89
4.07
5.57
4.75
4.68
3.24
3.13
7.31
5.71
5.10
7.25
6.16
2.41
3.76
2.44
2.93
7.08
6.84
6.97
4.56
3.54
4.71
6.95
4.57
5.36
6.64
4.84
5.12
4.01
6.97
5.74
1.86
3.82
10.0
9.22
7.04
5.92
7.27
4.66
3.78
5.94
5.09
2.71
3.97
3.30
5.50
5.50
6.56
7.80
6.12
4.01
5.95
2.99
5.36
2.96
3.25
4.51
5.23
7.57
3.51
6.45
1.80
4.18
5.31
3.06
5.54
5.92
2.69
4.58
4.32
3.98
4.54
4.97
5.16
4.24
1.41
3.71
6.88
4.73
4.61
6.27
3.38
7.78
5.65
2.68
2.67
3.42
4.99
5.55
2.14
4.05
6.61
5.53
5.80
8.68
5.72
5.76
3.29
6.65
9.92
7.08
6.78
6.41
5.46
6.17
6.33
7.91
3.85
1.55
4.31
2.70
6.89
6.81
