3.22
7.17
5.93
5.59
5.36
4.87
5.34
5.06
4.45
3.43
6.11
3.93
2.03
3.25
5.24
1.41
6.78
2.56
7.86
2.99
6.98
3.56
4.08
7.52
5.07
8.68
6.90
3.58
5.76
7.21
7.41
8.70
5.87
5.58
8.67
9.34
1.45
5.75
6.28
5.97
6.66
7.43
5.25
0.19
5.53
1.53
4.22
5.26
5.52
4.09
2.01
1.77
3.49
9.30
9.06
4.64
8.37
6.93
6.67
6.65
0.09
4.15
3.91
5.87
2.89
3.25
5.49
4.84
0.50
6.56
3.31
4.33
8.87
0.67
3.82
5.66
5.35
2.90
5.04
6.54
4.01
5.84
2.94
2.97
3.46
4.38
6.35
6.15
9.82
5.52
5.87
5.05
5.82
5.46
6.58
2.10
3.79
3.92
3.30
4.66
4.65
2.43
4.99
3.50
6.43
6.72
3.26
0.09
0.97
5.11
2.15
4.19
3.92
4.08
3.45
6.95
4.76
9.22
6.56
8.14
