2.17
7.11
6.14
4.72
2.92
9.26
5.09
6.85
5.39
8.49
4.89
4.77
3.40
2.15
5.40
5.67
7.18
2.35
5.44
4.95
6.48
3.92
3.91
2.13
2.62
5.16
5.77
7.35
4.47
5.01
3.49
5.34
3.42
4.87
3.92
8.30
6.80
5.74
3.48
6.86
6.51
4.70
3.64
6.36
3.64
4.92
5.22
2.99
3.34
3.88
5.04
5.53
3.02
3.16
3.78
6.57
5.43
7.42
9.69
4.33
1.59
3.06
6.75
2.26
3.47
3.54
5.42
1.50
4.42
1.25
7.19
3.62
3.07
3.25
1.39
8.39
4.98
4.90
4.46
6.71
2.69
4.96
6.44
6.98
7.27
7.04
2.08
4.24
6.67
7.50
5.16
8.36
5.79
5.37
7.76
2.71
3.14
7.35
3.51
5.09
4.35
9.03
5.71
5.99
3.84
7.64
2.72
6.41
3.64
4.73
6.79
4.91
1.28
5.54
3.92
4.92
3.96
6.30
3.00
7.55
