6.48
5.14
6.16
3.21
6.51
6.11
6.39
5.21
4.25
3.83
4.01
1.63
3.14
0.40
9.58
6.44
8.66
3.36
2.98
5.36
3.90
1.91
8.26
2.51
4.75
4.62
3.84
1.00
0.67
7.17
5.71
5.26
3.71
3.94
1.28
4.50
2.79
6.59
2.50
4.38
1.74
7.99
8.35
5.22
4.92
5.34
10.2
5.57
7.86
2.64
4.81
6.76
4.81
9.56
5.23
6.72
5.30
1.98
6.95
3.53
6.11
5.53
6.67
9.13
5.35
7.49
5.82
2.87
2.77
3.36
3.43
8.32
5.34
3.53
4.39
4.30
4.07
4.87
6.14
7.40
5.88
2.94
8.65
6.70
4.20
5.18
3.01
7.98
2.49
4.22
1.49
7.14
1.77
6.02
6.22
5.39
8.38
4.48
7.80
4.24
5.58
4.36
3.95
5.14
2.37
6.13
0.89
1.38
8.03
3.39
4.24
5.47
6.69
2.90
4.36
10.1
3.66
3.96
4.41
5.93
