6.23
8.75
3.36
2.42
2.75
7.20
5.22
6.95
7.54
5.40
7.21
5.29
5.78
2.09
7.57
5.09
3.64
8.30
4.18
3.18
4.27
3.25
4.91
5.53
4.30
7.04
7.70
7.29
3.12
7.82
3.91
5.77
4.89
6.44
3.63
5.03
3.29
4.51
5.50
6.82
4.75
3.64
2.28
6.01
6.13
4.74
2.97
4.48
5.72
4.18
5.46
7.26
5.21
8.07
1.69
6.04
6.37
6.64
5.52
1.74
6.59
8.25
5.57
6.56
1.53
3.39
7.41
6.88
5.74
6.64
5.05
4.91
7.78
4.23
4.03
8.74
6.34
6.62
6.90
6.07
2.83
5.33
9.68
4.73
8.55
4.30
3.36
4.94
5.79
4.12
7.95
3.57
5.04
1.52
3.80
5.10
1.52
4.85
0.88
4.35
4.40
4.37
7.06
7.05
2.76
8.46
6.14
9.08
5.40
2.94
2.45
0.93
3.42
6.23
7.09
2.22
4.73
5.02
4.22
5.71
