2.82
6.57
1.32
3.67
2.22
3.08
3.72
3.42
5.60
5.14
3.96
3.00
5.06
3.85
7.55
2.47
0.82
4.17
5.94
0.84
7.00
7.16
5.48
4.39
7.98
6.93
4.72
4.09
4.73
4.65
6.30
4.54
3.00
8.76
8.36
3.75
2.90
9.62
4.72
5.06
2.69
7.05
2.68
6.09
5.37
8.74
6.65
4.61
5.28
5.36
3.88
4.55
2.01
3.97
8.04
3.04
6.60
5.16
3.83
4.63
8.43
3.17
7.05
5.92
6.65
7.58
2.07
4.63
6.50
3.44
4.43
5.53
3.82
3.40
9.29
1.68
3.76
6.47
2.96
5.80
7.50
7.01
2.63
6.90
7.64
3.11
5.36
5.89
4.75
6.08
2.84
5.21
4.10
3.78
5.12
6.88
4.10
8.87
6.10
6.45
5.11
3.77
4.72
4.40
5.16
2.71
6.97
5.71
7.35
4.53
0.69
9.98
5.55
8.06
4.01
8.64
6.14
6.13
7.14
4.51
