1.50
8.14
5.82
3.88
2.64
6.27
6.90
3.94
7.00
7.34
0.10
1.27
4.71
4.15
6.62
3.25
4.49
4.26
4.04
3.79
7.81
2.32
4.30
4.61
4.43
4.87
6.23
6.90
0.55
5.60
5.91
6.08
7.37
6.74
3.62
4.03
2.57
4.89
8.73
6.19
5.06
3.73
8.02
4.66
6.45
9.29
5.70
6.37
5.79
5.23
1.46
4.73
4.10
5.78
5.81
4.50
3.17
5.89
6.19
4.33
5.16
4.81
7.48
5.79
3.02
8.03
3.46
8.57
4.02
5.66
6.41
6.22
5.48
5.97
3.86
3.88
0.38
5.34
7.25
4.54
5.67
6.45
4.35
7.02
5.16
5.51
5.01
8.02
1.30
4.40
4.42
4.91
4.58
6.13
3.04
2.72
3.73
5.37
5.16
2.01
3.02
1.60
6.92
7.48
2.60
5.31
6.47
2.07
4.06
4.97
5.54
5.64
4.54
6.62
0.60
5.00
5.42
5.04
6.04
4.51
