5.40
10.1
3.85
2.02
3.63
1.75
6.66
8.41
4.57
8.74
5.82
6.81
4.44
4.13
1.85
6.82
7.01
2.00
6.80
3.90
6.78
4.01
7.97
5.55
4.87
5.45
3.73
6.33
8.37
3.26
1.48
6.02
2.09
3.26
3.90
2.58
5.49
2.29
7.33
6.05
6.95
12.0
2.71
4.46
5.28
1.72
6.91
4.65
5.93
5.82
9.86
5.14
4.59
2.36
7.68
3.51
6.00
6.24
4.38
6.96
5.28
0.03
4.77
2.83
5.03
8.20
5.74
3.58
4.37
4.24
2.63
6.32
8.38
2.99
6.43
6.79
2.17
2.48
4.35
4.49
4.86
6.17
5.10
7.49
4.89
6.24
8.19
5.96
5.89
6.01
4.19
1.01
5.16
3.42
9.00
3.70
6.45
1.71
5.83
3.43
2.62
4.16
7.66
7.94
3.85
2.72
8.51
9.87
3.42
8.22
9.58
6.78
3.79
5.22
3.93
3.79
4.28
2.22
7.81
1.35
