1.43
0.53
3.99
4.14
3.46
8.38
8.26
9.54
3.01
4.71
0.99
5.66
3.86
5.84
8.36
4.83
5.33
2.25
7.70
5.81
2.12
4.86
2.61
4.84
2.88
7.37
6.24
5.82
7.92
2.57
4.76
3.50
6.52
5.32
2.58
5.98
7.63
4.08
8.90
1.62
6.32
6.04
3.46
4.59
7.64
3.55
5.62
6.53
2.08
5.67
5.65
7.95
5.66
2.07
2.52
4.00
3.70
4.83
6.27
2.45
2.75
6.77
6.22
0.31
5.68
3.90
4.99
2.36
4.89
3.17
4.54
4.41
0.65
6.61
5.62
5.74
5.14
4.72
6.80
5.83
5.67
4.77
6.22
5.69
7.11
3.13
4.14
6.24
2.62
1.64
3.98
6.50
4.57
3.66
3.89
6.77
7.39
5.13
7.95
3.38
6.17
5.59
6.29
3.46
5.64
4.77
8.03
9.95
4.25
5.09
6.38
4.83
3.49
4.13
4.79
3.31
6.54
3.27
4.86
4.63
