4.99
4.58
8.24
0.75
2.27
5.61
5.67
11.5
6.87
5.23
9.33
6.13
6.56
3.58
7.15
10.8
4.33
4.48
5.16
3.53
5.21
4.65
1.31
4.39
5.01
1.07
5.47
3.02
9.15
3.82
2.54
6.73
8.33
6.34
2.37
4.29
2.76
5.58
7.61
5.82
5.71
6.76
5.51
2.49
3.91
6.18
5.83
5.38
8.53
7.39
9.47
9.37
2.12
3.56
0.36
4.60
6.38
6.05
3.78
3.03
6.13
6.07
6.47
5.75
6.52
8.21
4.42
3.83
4.31
5.10
1.69
4.59
3.91
3.95
5.51
4.09
4.41
7.67
5.28
5.32
4.51
2.59
4.65
6.19
1.55
6.58
4.20
5.71
4.53
7.11
5.93
7.85
5.82
6.11
4.39
8.34
1.36
3.87
6.51
3.40
4.96
4.95
5.17
5.66
5.68
3.26
6.21
7.72
5.22
1.56
5.00
5.99
5.03
3.95
7.67
3.79
5.03
6.58
7.63
3.11
