2.30
7.52
6.89
4.62
1.60
3.43
7.31
4.39
0.57
7.80
5.04
4.88
3.05
2.93
2.72
5.33
1.01
3.27
3.42
7.24
6.48
3.14
4.06
5.69
5.29
6.19
5.49
5.77
2.54
4.27
7.82
5.21
1.32
7.96
0.38
5.33
6.93
7.42
4.16
7.79
6.35
6.61
6.49
5.12
3.98
3.59
2.29
6.95
5.95
5.14
6.23
9.69
9.57
6.30
3.01
2.80
6.38
8.96
3.49
4.18
8.50
2.03
0.46
2.75
6.81
5.66
5.23
4.83
3.69
6.13
3.28
4.31
4.03
6.49
4.06
7.49
5.23
4.02
2.84
3.50
4.94
1.31
7.44
8.03
5.10
6.24
7.13
6.28
3.38
3.57
5.87
4.86
5.28
3.04
7.45
3.42
3.84
4.82
2.01
4.79
3.21
4.38
4.42
5.63
2.16
4.35
0.87
5.43
5.05
5.18
7.06
6.17
2.42
4.11
4.17
3.58
6.93
5.65
7.20
2.20
