7.02
2.66
2.87
1.39
2.66
5.53
6.56
6.38
8.02
2.34
6.26
5.77
4.08
4.15
5.72
4.24
7.85
9.01
4.49
4.69
5.60
6.70
6.75
5.66
4.66
6.49
4.16
4.69
5.13
4.02
8.13
7.58
5.38
8.00
2.90
2.10
6.39
5.76
4.34
5.99
2.21
2.45
8.21
6.83
6.90
3.36
5.26
4.83
6.81
3.67
2.42
6.47
4.29
1.04
7.18
4.58
5.30
8.13
7.51
6.30
9.38
5.02
5.63
7.33
6.98
7.61
7.55
5.81
5.04
3.99
2.79
7.14
1.14
2.92
1.30
2.46
3.05
7.48
9.02
4.75
2.86
2.23
5.59
2.97
3.40
6.81
10.5
4.02
6.01
4.52
5.90
7.13
3.35
5.23
3.92
4.00
3.57
6.49
4.15
1.59
3.75
3.99
5.15
5.09
4.24
5.74
5.48
3.90
4.58
7.18
5.51
0.10
2.79
5.94
3.34
5.47
5.71
4.30
2.80
6.44
