4.86
6.82
6.64
5.46
5.71
5.58
0.62
5.22
6.79
1.61
5.00
7.49
3.48
2.21
5.57
3.38
3.69
7.24
4.18
6.14
6.87
3.34
4.23
0.80
2.04
2.96
1.91
4.83
8.76
6.95
7.42
5.36
5.77
5.89
2.39
4.95
5.63
7.72
3.19
3.67
4.30
4.89
2.86
5.17
3.17
3.83
2.02
6.45
6.18
2.81
2.19
5.82
8.26
3.57
7.38
4.14
3.88
1.64
7.50
6.91
6.56
2.91
2.53
6.80
4.13
4.95
6.33
7.26
1.52
5.29
4.34
5.39
5.31
4.18
8.95
4.05
2.25
3.63
6.69
1.50
4.04
4.87
7.61
4.96
5.68
1.58
6.86
3.39
7.97
4.70
4.91
3.19
2.59
4.65
5.58
4.14
6.71
6.77
6.56
3.04
2.63
7.57
3.64
4.90
6.01
4.00
5.01
1.51
3.83
7.19
3.01
7.96
6.57
8.60
4.98
2.80
1.68
2.18
3.63
9.46
