6.69
3.95
3.85
4.87
3.11
2.83
4.63
5.85
6.53
6.81
8.09
3.78
4.12
4.79
5.66
4.04
3.19
5.19
3.09
6.41
4.56
1.15
7.89
2.99
7.39
5.61
8.89
7.71
5.07
3.35
7.47
2.88
8.72
4.63
6.05
6.45
5.13
6.26
6.32
0.45
4.79
4.78
5.39
5.99
8.06
6.35
0.57
7.13
4.85
4.88
6.20
5.49
3.74
3.79
5.38
3.39
4.89
5.10
5.12
5.90
5.05
6.52
2.48
6.50
4.61
6.37
6.02
3.60
6.05
9.19
5.85
4.80
2.60
3.08
5.20
9.01
3.82
3.09
4.38
7.73
7.05
6.51
5.80
5.94
4.66
5.40
3.39
7.87
8.70
7.00
8.52
4.93
5.79
6.19
4.84
0.82
4.92
4.51
3.75
2.95
7.41
2.64
2.76
9.55
10.5
5.61
4.57
4.07
6.03
5.13
3.29
5.88
8.23
4.86
7.31
5.94
10.3
5.06
3.32
6.19
