3.26
5.74
6.96
3.94
5.91
3.25
4.24
4.65
5.72
3.57
5.14
6.86
3.24
5.17
6.52
4.77
3.47
9.35
8.87
3.12
2.65
2.60
0.99
8.90
1.79
8.14
4.61
7.25
9.01
6.16
4.15
4.46
4.58
6.61
2.95
6.42
8.25
2.37
3.02
2.43
6.50
4.82
4.83
3.38
5.08
8.24
2.12
4.23
4.04
3.68
4.97
9.22
3.67
5.66
5.25
4.19
6.18
3.87
4.32
4.65
3.48
5.10
5.09
5.82
4.69
5.55
3.20
8.07
8.15
3.80
8.72
9.14
6.24
2.38
5.11
5.65
3.46
6.74
3.57
4.21
2.03
5.57
4.28
4.88
5.96
1.90
3.46
7.86
5.66
7.84
7.18
5.76
5.15
4.45
5.30
6.82
6.12
1.40
5.47
7.21
4.90
2.58
4.09
6.65
6.60
4.86
4.73
5.63
0.31
8.17
4.16
4.45
3.30
3.89
7.00
4.28
6.97
4.42
3.12
3.76
