0.64
3.26
4.15
5.69
4.69
3.46
1.39
10.2
5.41
7.12
5.64
2.71
5.45
3.89
3.64
4.91
6.00
3.36
4.64
3.91
4.37
4.55
9.69
4.52
6.58
9.37
2.13
5.06
5.48
7.21
1.98
3.43
6.35
4.53
1.82
5.00
5.31
5.39
5.70
4.72
6.09
3.08
5.71
3.21
2.42
3.25
3.54
2.86
2.53
6.44
5.66
3.38
3.11
5.35
3.11
3.76
5.20
9.20
4.34
8.08
5.00
4.31
4.63
0.02
0.69
1.76
5.43
5.19
5.80
6.06
2.80
3.48
4.99
3.42
2.18
2.41
5.86
9.32
3.05
4.69
6.91
6.80
7.08
6.84
7.73
1.82
6.43
6.00
7.40
0.54
5.46
6.61
4.69
2.60
5.01
3.55
2.88
6.27
8.09
4.58
9.65
4.10
3.89
2.50
5.44
3.20
4.15
0.89
6.00
7.20
6.50
5.57
5.64
5.33
4.08
4.98
6.11
8.44
5.06
3.97
