4.51
5.42
2.92
4.80
3.19
6.50
2.87
6.64
3.08
8.27
5.43
3.35
6.88
7.26
5.10
4.75
4.60
3.13
7.30
5.61
2.73
3.19
3.85
3.71
4.32
6.27
4.13
5.63
5.53
4.78
5.89
4.19
1.32
6.53
1.80
5.38
7.06
5.96
7.88
6.29
8.00
2.19
2.16
7.14
4.77
1.53
7.54
1.10
4.97
4.53
9.38
0.99
5.63
7.95
4.93
6.70
2.43
4.60
2.57
6.22
2.96
5.95
3.51
8.32
3.75
6.81
4.16
4.84
3.28
3.35
5.27
6.50
7.99
4.49
3.57
2.48
7.08
6.89
4.95
6.53
3.75
5.86
5.63
3.05
6.35
5.80
7.05
3.69
4.95
3.38
5.77
5.88
5.73
3.49
4.92
5.47
7.32
5.95
2.90
4.93
7.15
6.39
7.07
4.91
5.92
3.59
1.85
2.29
4.64
6.52
5.00
4.62
3.06
9.58
1.78
0.67
3.99
2.21
7.99
7.97
