4.88
5.59
8.70
7.99
5.68
4.77
3.96
5.37
5.54
6.02
5.69
2.98
4.45
1.60
4.15
3.90
4.84
7.41
3.61
7.46
6.91
6.70
7.58
5.81
3.63
4.12
3.25
5.59
8.35
2.60
6.97
5.83
4.89
2.83
6.44
2.11
4.13
4.70
5.79
5.88
5.06
5.33
3.38
2.80
4.48
1.05
3.45
7.10
2.21
2.06
3.69
6.25
4.51
3.09
11.3
5.95
6.24
4.07
5.67
0.29
4.21
2.96
5.07
3.12
2.62
4.08
3.87
5.25
0.82
5.13
8.60
5.24
7.04
3.20
4.72
4.30
3.73
2.05
6.22
6.56
4.87
9.69
6.22
6.57
2.21
3.68
4.00
4.34
4.00
6.74
5.68
2.84
2.79
2.53
5.31
2.10
3.15
1.42
1.20
4.04
6.55
8.18
3.67
2.07
5.75
0.65
8.43
2.81
5.93
1.41
3.70
4.62
3.32
1.97
4.66
3.87
6.39
6.52
2.75
8.92
