7.24
6.22
5.80
8.31
3.60
5.55
5.60
2.83
2.56
1.70
5.07
1.94
4.73
4.00
1.04
8.80
6.05
1.23
4.22
4.18
6.91
3.66
4.94
6.38
4.36
2.39
5.13
2.59
6.75
4.36
1.88
5.48
3.38
5.32
3.29
3.80
9.05
0.79
4.17
5.41
6.14
6.10
3.52
5.49
6.79
6.74
4.93
2.50
5.51
10.5
7.26
3.15
4.77
6.77
2.63
6.42
4.16
4.30
6.83
7.65
3.18
1.29
2.68
3.69
6.18
6.00
6.00
3.47
8.82
8.78
5.50
4.70
5.47
5.47
5.73
3.17
2.74
3.55
3.98
4.29
2.20
4.35
4.87
5.56
2.68
5.55
5.47
5.04
7.60
5.73
3.08
5.16
4.27
5.98
6.35
5.41
3.20
6.05
3.78
5.52
4.68
6.87
5.74
7.08
2.81
4.74
7.73
1.84
6.64
5.59
6.76
5.63
5.66
7.63
4.58
2.74
5.60
1.98
6.74
4.00
