1.57
4.19
4.53
3.92
5.19
8.67
2.33
3.33
6.05
2.05
4.78
5.31
4.98
6.24
3.89
4.20
3.86
2.93
4.77
5.32
5.21
3.26
1.26
3.20
6.36
3.92
3.08
7.21
3.92
4.62
9.27
4.92
7.08
5.78
5.74
5.95
3.81
2.81
7.29
4.12
1.42
0.98
6.98
3.78
4.15
4.19
5.81
4.71
4.04
3.70
9.28
6.34
6.59
5.57
2.79
4.25
0.17
3.96
8.51
4.38
1.91
4.73
7.07
4.20
6.34
3.35
3.74
5.00
3.14
4.63
4.46
0.44
5.05
3.53
3.46
6.39
6.25
4.42
3.75
2.88
2.83
5.23
2.12
2.35
3.38
1.77
4.15
5.75
3.81
4.52
6.85
4.85
4.33
1.79
4.95
6.32
5.96
7.63
3.81
7.23
4.68
6.34
5.56
6.53
5.01
6.16
3.25
1.17
5.09
1.92
6.43
5.22
4.83
0.25
5.00
3.15
1.63
6.55
2.21
6.30
