2.97
3.45
5.37
5.07
4.93
1.60
5.60
6.49
4.02
4.92
7.38
3.89
7.95
8.02
8.69
4.24
7.53
5.52
4.65
4.49
3.61
6.85
5.62
2.42
6.78
6.51
3.60
0.09
6.88
2.15
7.41
1.04
4.22
7.42
5.35
6.56
5.51
6.79
6.42
4.02
5.21
7.70
5.03
6.67
6.23
3.52
5.99
5.54
5.72
5.31
8.02
4.95
5.95
9.05
3.87
4.19
6.22
3.37
6.17
9.01
6.36
4.38
8.05
6.74
3.59
4.41
7.02
1.60
1.11
8.28
3.91
3.96
5.57
2.43
7.05
4.89
2.05
5.54
6.33
4.72
5.75
6.27
9.89
3.46
6.10
6.05
4.62
5.69
3.63
1.89
4.27
4.06
3.98
5.21
0.58
7.99
8.16
4.09
6.00
6.01
5.44
6.02
7.23
4.06
5.89
5.33
1.98
4.82
3.98
4.97
3.81
7.73
6.30
5.34
4.99
3.06
6.58
2.91
1.19
3.76
