5.01
6.56
4.71
2.25
2.87
2.50
9.88
2.08
1.84
5.64
6.93
7.28
3.92
5.38
6.93
1.74
4.66
4.42
4.92
1.10
1.24
4.09
8.33
4.09
2.17
9.87
6.16
3.28
8.14
6.85
4.87
6.33
4.16
2.77
5.88
8.17
5.87
2.41
4.10
4.31
5.56
5.71
2.63
6.31
4.23
4.19
7.15
0.92
2.66
4.51
7.35
5.25
5.19
7.28
7.31
6.49
6.01
2.58
0.20
3.66
6.65
3.24
7.13
3.34
3.62
8.76
4.70
2.19
6.03
3.19
0.95
7.23
7.37
9.97
2.48
4.18
9.08
3.14
3.81
5.41
8.09
5.36
5.49
8.26
6.79
5.25
2.17
5.25
6.63
3.78
0.38
3.93
4.93
6.34
5.43
3.82
5.48
3.99
1.92
3.14
5.77
6.83
4.61
3.05
5.26
5.09
7.71
5.36
8.56
3.72
5.86
5.20
2.94
3.67
3.90
2.00
3.94
6.21
6.16
5.01
