5.20
5.53
4.86
3.89
8.81
3.07
5.37
7.72
6.83
8.15
2.18
4.97
10.5
5.03
6.57
3.11
7.82
6.67
5.39
7.74
5.46
5.17
2.06
5.30
7.97
6.06
3.12
5.00
6.53
7.10
4.60
6.37
5.71
5.36
4.81
3.92
5.51
3.98
3.14
1.33
8.04
6.90
2.42
5.23
5.64
5.89
3.70
5.19
7.72
4.30
4.92
5.55
2.10
6.64
2.86
8.08
2.88
6.44
3.96
0.74
1.36
3.99
5.34
3.73
6.79
7.93
7.70
6.01
5.31
5.61
7.09
4.84
6.49
3.44
3.48
3.70
3.95
8.23
3.57
4.80
5.25
7.75
4.19
3.70
3.18
6.63
6.35
4.76
2.11
4.62
5.85
5.16
3.77
10.1
4.27
6.31
9.19
0.62
0.74
5.11
3.41
0.31
4.08
1.06
4.65
3.31
3.96
8.44
4.14
7.17
4.72
7.30
5.73
4.92
8.59
4.60
1.95
4.69
7.22
4.99
