5.33
5.83
4.27
7.17
5.23
4.03
5.22
2.00
5.19
2.58
5.39
6.91
7.77
6.22
5.98
6.37
3.81
5.68
5.18
3.65
6.82
4.19
3.70
3.78
7.73
4.29
7.23
4.80
7.17
5.89
6.28
7.02
3.58
5.51
8.58
4.77
2.69
6.41
4.36
3.79
1.05
2.57
7.30
4.93
5.78
2.74
4.64
4.78
3.87
2.85
5.49
8.77
7.98
5.06
8.12
4.18
6.11
6.66
4.89
6.95
4.03
3.97
6.47
4.08
5.73
3.77
6.53
6.64
4.19
6.58
6.19
5.65
5.04
6.12
7.27
4.92
3.95
4.90
8.45
5.74
3.01
4.49
6.80
5.46
8.42
7.63
7.30
1.87
3.47
8.18
6.03
4.36
4.42
8.68
1.25
4.46
3.48
3.99
5.00
3.83
7.35
7.97
5.71
3.80
6.18
6.35
4.02
2.87
4.91
1.38
6.36
5.06
3.59
4.37
6.13
9.24
6.49
3.22
4.34
6.38
