3.84
3.93
3.46
3.98
9.74
2.49
3.99
6.16
5.38
2.65
3.48
5.21
6.82
8.33
3.74
3.19
5.95
7.10
5.81
1.38
5.25
8.60
4.70
7.51
4.32
7.15
5.47
1.96
5.20
2.37
5.34
7.50
5.59
6.58
4.83
4.03
2.54
3.00
3.97
3.98
3.23
5.42
2.58
7.86
2.94
8.26
5.56
3.58
7.81
4.03
3.62
5.00
1.90
10.5
11.1
1.47
4.77
6.98
0.90
6.59
4.76
3.77
6.48
7.02
3.38
5.60
6.33
8.29
6.74
4.04
6.17
6.50
5.44
8.12
8.45
0.86
4.69
6.25
8.46
1.90
3.70
3.25
5.32
6.67
7.26
4.67
4.42
3.35
5.59
6.19
7.18
3.19
7.65
7.00
3.03
6.07
5.18
5.64
4.36
7.69
6.29
4.83
1.73
3.15
4.36
1.61
4.02
5.51
2.52
7.05
5.77
5.89
8.58
6.89
4.72
5.38
5.42
2.98
3.08
5.30
