4.62
4.01
1.97
2.72
7.11
2.61
5.87
2.16
2.13
8.35
5.66
3.75
4.60
2.62
4.27
7.98
4.20
6.53
5.77
5.44
7.52
3.60
3.56
3.57
6.16
6.70
4.24
3.80
7.75
5.14
5.77
3.61
8.05
1.87
6.86
1.56
8.26
5.47
4.13
3.41
5.90
4.81
2.75
3.47
7.62
4.92
3.65
1.74
5.09
5.04
7.70
5.35
5.73
4.38
4.23
5.25
1.50
3.01
1.68
5.46
3.75
7.22
3.00
6.68
1.23
2.72
4.35
10.3
7.61
5.81
5.53
8.02
1.89
1.39
0.99
2.14
5.78
6.80
3.12
3.32
4.55
4.17
2.46
5.32
7.89
5.10
6.31
2.01
3.12
6.02
5.88
4.37
4.09
3.94
7.02
3.19
1.24
3.51
5.09
4.66
0.20
8.72
3.80
6.11
3.84
7.28
8.44
3.99
1.85
7.51
8.17
3.40
8.82
2.54
6.17
8.39
2.92
1.96
3.07
4.31
