8.17
3.23
6.25
3.64
6.04
8.72
6.44
7.62
1.36
3.59
0.37
5.68
1.48
4.44
4.65
7.16
4.41
5.84
5.17
6.41
3.71
6.48
2.11
4.56
4.14
3.04
4.04
6.63
1.46
5.41
7.24
5.82
4.04
3.15
2.79
5.12
7.83
7.87
6.09
5.95
7.50
5.94
3.74
7.90
3.20
5.95
5.30
3.21
6.00
6.46
2.73
4.87
5.98
4.60
2.24
9.14
4.77
7.60
2.99
6.03
4.94
3.67
4.38
5.50
7.89
2.12
8.32
4.12
4.14
2.99
5.79
5.47
7.87
5.33
5.01
2.89
3.63
2.52
5.37
4.72
7.51
1.16
5.33
5.58
6.11
6.44
4.80
6.13
7.63
4.39
3.79
3.98
7.90
3.96
6.25
6.27
4.51
4.23
7.00
3.19
4.03
2.59
1.03
4.48
7.14
0.66
4.55
3.84
7.74
6.76
1.91
7.77
5.27
5.46
3.79
7.23
5.18
6.67
5.92
7.08
