2.27
5.18
6.53
2.07
6.64
7.20
5.30
3.70
9.45
8.28
1.50
3.39
5.82
3.52
2.29
0.33
4.11
5.39
4.54
5.34
6.75
6.08
7.96
7.32
6.74
3.64
6.62
6.77
2.20
3.97
3.96
8.76
7.26
2.86
2.47
6.27
5.33
8.47
2.93
4.34
11.7
2.61
5.86
3.80
3.74
4.55
7.08
3.59
4.45
5.82
5.91
3.39
9.69
6.81
4.13
3.43
3.88
6.25
4.37
5.12
5.54
4.84
4.36
6.56
6.30
4.86
7.16
4.37
1.45
6.63
6.26
3.86
5.03
6.93
2.91
2.50
3.47
8.18
6.08
5.84
4.24
2.01
9.62
4.96
3.55
6.11
3.65
4.26
4.50
4.61
10.1
4.74
6.77
5.43
5.78
6.50
7.72
5.99
8.92
1.70
6.49
5.43
6.43
1.20
6.45
6.77
3.72
6.21
6.46
6.65
3.92
6.24
5.37
6.31
3.53
5.96
2.86
6.05
1.58
3.05
