9.01
6.56
8.32
4.50
3.55
2.41
3.53
9.71
1.61
3.96
2.55
7.45
5.27
5.26
2.40
6.14
4.70
6.25
3.21
6.36
2.10
6.41
4.95
7.17
7.29
5.29
6.29
7.69
5.53
7.39
4.67
6.12
3.28
5.87
7.98
5.36
6.48
4.62
6.63
4.43
7.68
4.89
4.57
5.47
0.85
4.07
4.15
6.44
6.03
1.74
5.71
5.45
5.51
4.48
6.05
2.05
5.67
3.79
3.30
5.88
8.41
1.41
4.95
3.22
4.19
4.42
1.60
1.82
5.53
2.23
3.85
3.18
2.30
4.06
5.36
1.96
3.91
3.91
5.81
0.75
5.59
5.60
4.76
4.38
2.62
5.93
9.33
1.99
4.74
3.30
3.16
7.21
7.05
2.59
5.14
6.01
1.90
6.53
7.09
3.99
2.33
2.28
3.20
6.81
2.38
5.77
4.46
6.90
8.08
6.86
8.16
5.00
2.97
7.57
7.18
2.14
4.64
3.09
3.07
4.96
