7.72
6.72
4.10
5.76
6.64
5.39
6.06
8.94
3.55
7.46
8.47
4.93
5.65
8.26
0.98
6.08
4.49
5.83
0.38
3.76
4.95
8.00
5.66
5.51
4.42
3.26
8.25
2.82
3.05
5.29
4.58
4.69
5.59
5.87
2.02
5.07
5.36
8.86
5.10
6.12
2.90
4.92
10.4
6.24
1.87
4.22
5.58
1.85
4.08
5.76
7.01
7.16
4.80
3.68
5.30
3.61
5.15
5.17
3.63
6.23
4.60
4.30
8.77
6.74
3.38
2.97
5.17
2.95
5.90
2.77
4.70
6.08
5.29
8.69
4.55
4.31
3.95
6.02
4.55
1.64
6.63
8.78
8.32
4.82
8.31
3.67
4.06
3.60
2.29
3.49
6.37
8.96
2.99
5.77
9.10
5.50
3.97
4.71
2.22
2.99
1.47
5.98
8.37
8.34
2.63
3.04
5.29
3.66
3.02
3.16
3.35
5.36
2.55
7.37
6.62
3.63
4.87
3.52
6.04
3.34
