5.69
4.80
7.18
7.72
8.45
4.44
0.94
9.14
5.56
4.22
4.30
5.16
5.08
7.90
3.78
6.78
7.21
2.44
7.87
4.58
5.19
6.13
7.41
1.29
4.45
4.95
4.77
6.41
7.27
4.89
7.00
2.91
6.52
6.27
5.20
1.77
4.57
3.27
5.55
4.03
5.21
4.15
5.36
3.41
4.78
4.73
6.15
4.57
2.77
8.27
5.28
2.05
2.00
1.60
6.34
2.27
5.16
5.71
5.05
5.47
3.48
7.21
3.68
4.25
5.36
1.98
6.68
7.64
6.13
6.77
4.69
5.91
1.47
6.60
2.36
9.05
5.87
5.67
7.96
3.34
0.82
1.95
6.31
1.16
5.39
7.95
7.56
2.55
3.84
7.55
1.31
6.09
4.01
7.22
4.01
6.60
3.43
7.89
7.21
4.14
7.45
3.25
4.96
3.65
6.54
3.39
1.41
3.57
4.51
8.09
4.09
2.12
3.75
4.32
6.39
9.61
2.65
3.91
4.39
6.28
