1.62
3.31
6.80
6.77
6.46
7.27
2.39
6.79
5.67
2.41
8.85
5.61
3.90
4.29
0.39
0.11
4.95
7.13
4.54
6.67
5.57
5.21
7.85
4.31
0.46
4.14
4.93
2.74
4.27
2.54
3.02
7.15
5.62
3.45
5.47
5.66
8.42
6.65
2.79
6.31
6.02
7.69
8.93
4.18
9.27
4.90
8.00
2.84
4.38
7.72
3.34
3.73
2.25
4.72
6.94
8.28
6.60
1.14
8.21
3.07
7.60
3.13
3.40
3.40
4.72
7.75
2.32
5.44
5.40
7.91
5.47
6.66
5.69
7.00
6.37
3.47
4.37
7.86
5.55
5.24
1.59
5.45
2.26
7.47
3.50
3.77
1.95
2.46
5.03
2.04
5.05
5.14
5.80
7.11
6.05
5.03
3.00
3.64
8.60
5.51
9.68
5.86
4.00
5.75
4.49
1.03
7.56
5.32
3.35
5.53
8.38
4.69
3.05
6.66
6.72
5.59
3.58
5.21
4.95
6.45
