4.83
3.01
6.43
6.79
4.71
1.65
8.39
5.24
6.95
4.17
4.36
5.73
5.86
5.16
3.51
4.33
5.70
6.19
3.34
4.46
1.17
5.39
2.91
6.58
4.31
7.55
6.18
6.56
4.09
4.08
1.36
0.16
5.08
7.30
5.06
8.01
6.48
5.27
5.21
3.69
5.92
5.62
4.12
6.11
5.77
1.18
5.94
6.31
4.97
3.62
2.99
4.21
10.3
4.66
12.6
6.63
4.57
3.43
4.17
6.35
4.21
7.55
1.12
4.25
9.03
6.40
3.20
0.47
2.83
1.59
5.03
7.95
8.50
7.77
9.37
4.18
2.03
5.26
6.64
5.59
5.95
2.23
6.07
5.16
2.01
2.69
4.88
6.85
0.82
1.76
2.53
9.38
9.60
4.24
9.37
5.49
6.62
4.38
7.00
5.85
4.48
3.14
5.35
6.70
3.83
3.69
2.79
4.02
7.98
5.43
7.45
4.27
3.94
8.42
9.32
5.14
3.40
6.69
4.08
6.01
