7.13
7.41
5.42
4.66
6.63
2.27
5.61
5.89
5.62
5.69
4.56
2.37
5.46
3.88
7.73
3.60
4.19
5.96
5.13
4.51
2.43
5.11
5.26
4.20
3.35
3.89
2.02
2.80
6.22
5.09
5.57
3.61
4.67
1.94
7.39
3.27
7.90
2.67
2.44
9.57
5.57
5.96
4.09
5.06
7.89
5.87
3.73
3.58
4.37
7.52
3.35
6.11
4.28
2.55
6.88
3.50
3.04
2.15
3.88
7.86
0.40
5.24
4.81
6.72
3.66
3.63
6.07
6.06
5.12
2.79
2.85
5.77
10.2
4.66
5.23
4.24
5.71
4.50
4.25
4.70
6.37
5.37
3.49
2.73
4.01
1.44
5.98
6.31
6.59
4.49
3.57
4.82
4.39
5.67
9.33
8.31
5.25
5.76
6.31
4.73
2.99
7.38
7.57
5.33
8.13
3.43
1.74
3.95
2.83
6.51
4.77
5.36
7.59
1.07
7.29
3.95
6.41
5.76
4.98
4.63
