6.95
3.85
1.55
4.41
6.18
6.99
8.56
6.20
5.19
4.14
6.12
5.98
5.12
7.31
8.26
6.96
7.49
5.36
7.38
5.15
6.22
7.36
3.14
2.37
2.27
7.30
5.55
2.56
4.25
3.81
5.24
5.71
7.86
4.37
3.44
7.57
3.26
4.95
2.74
5.43
3.36
5.29
5.77
10.2
5.48
2.82
5.05
5.05
4.58
4.27
4.53
7.94
3.11
2.66
6.36
4.14
6.07
6.08
6.35
5.41
4.01
8.70
1.23
3.95
6.45
6.18
3.69
5.52
3.19
6.20
4.71
5.78
3.93
4.29
3.24
5.85
5.02
5.43
2.47
6.10
5.12
5.27
4.49
1.89
2.37
4.39
4.20
5.29
10.2
5.46
6.49
5.40
2.70
6.23
3.68
3.75
8.91
3.32
4.22
3.04
4.24
8.10
3.03
8.01
6.70
4.82
4.31
2.25
5.88
7.40
2.68
7.25
4.00
4.73
5.66
3.23
4.41
9.22
2.94
4.47
