5.14
3.80
6.71
1.54
5.35
4.49
2.25
7.35
5.37
9.88
5.66
3.29
3.99
5.41
3.67
4.19
6.65
1.35
6.76
4.80
3.53
6.74
5.79
2.83
3.51
2.58
3.62
5.40
4.23
3.77
5.72
3.45
5.02
1.55
4.55
2.90
3.66
6.30
4.21
2.96
2.41
4.96
4.05
2.96
6.69
5.32
6.28
2.31
5.98
4.66
5.71
3.41
6.12
6.39
7.29
3.79
3.97
6.14
8.72
5.49
3.71
7.32
5.17
4.60
0.94
6.89
9.42
1.76
7.04
6.63
6.28
6.08
7.74
3.46
2.51
5.74
3.18
2.06
4.38
2.81
5.48
4.41
7.41
2.21
0.95
3.53
5.98
2.64
5.70
7.76
4.47
2.87
3.91
5.22
5.28
4.18
3.23
7.22
4.49
6.52
6.41
5.17
6.24
7.72
4.92
2.73
5.85
4.77
7.04
5.67
5.76
8.77
7.07
7.80
5.60
7.51
4.06
7.18
7.05
3.67
