6.87
1.31
5.34
4.06
2.21
7.16
7.68
9.62
4.27
7.61
5.01
5.88
2.14
3.82
3.50
7.38
5.15
4.85
7.41
4.64
3.21
5.50
1.70
3.47
4.09
3.93
6.50
8.35
3.56
5.36
6.50
9.20
6.18
4.06
6.80
5.73
4.86
3.34
6.47
4.64
8.16
7.30
4.43
7.54
4.93
2.65
5.60
3.16
5.66
2.50
7.76
3.98
5.20
9.84
5.06
5.17
4.96
4.78
3.32
4.17
7.80
6.41
4.01
5.98
1.22
8.78
2.85
5.00
2.21
4.64
6.19
3.61
2.91
2.20
6.94
4.95
2.08
7.08
3.34
3.64
1.69
4.48
5.60
5.45
6.20
2.66
4.55
7.75
5.80
4.60
6.03
4.02
2.89
5.55
2.29
3.52
4.86
7.80
7.60
5.38
3.99
3.46
2.68
1.45
1.86
4.50
3.81
7.07
4.83
4.06
4.40
4.82
3.75
2.92
4.70
5.64
6.98
4.47
8.48
4.15
