5.06
9.19
2.82
0.98
2.54
5.64
3.70
4.67
2.98
2.23
4.88
5.47
4.74
2.53
4.86
4.42
5.69
3.26
6.36
1.79
7.40
5.39
6.02
6.02
2.69
6.18
6.63
5.11
3.51
0.51
7.72
2.87
4.99
6.00
6.85
5.33
2.57
6.16
5.96
6.71
6.04
4.14
6.25
6.41
6.29
7.46
7.03
6.81
4.65
6.01
3.35
4.46
7.96
4.18
8.03
3.29
6.47
2.33
7.14
5.30
4.96
3.56
5.36
6.38
6.49
4.59
5.26
4.96
5.49
0.84
6.37
4.58
1.16
5.76
5.21
6.92
2.03
0.39
7.54
3.46
4.11
3.88
8.70
4.62
4.53
5.43
3.03
2.81
3.86
6.64
6.28
2.04
1.98
2.60
8.43
9.46
2.93
3.38
3.36
7.16
8.22
5.16
2.25
6.11
6.45
5.60
4.15
5.29
5.02
6.22
8.27
7.08
2.36
7.96
4.70
4.06
8.09
3.81
1.41
4.60
