5.97
4.14
5.93
2.49
4.95
8.00
5.16
8.08
2.40
6.42
4.40
2.56
3.80
3.38
7.20
6.50
4.55
7.91
5.60
5.99
5.84
4.30
3.63
4.03
7.63
3.42
5.30
3.94
8.25
4.11
4.82
6.32
7.26
2.71
6.27
3.63
6.84
5.63
0.86
5.48
1.72
3.81
4.05
4.54
3.15
2.68
5.39
2.71
6.81
3.43
5.57
6.85
2.86
9.00
4.82
6.98
8.91
4.19
5.84
4.82
5.77
3.69
0.27
3.70
2.58
2.82
2.81
5.90
6.64
1.34
7.60
1.58
3.12
6.34
5.08
4.59
4.68
2.36
5.99
5.38
9.83
5.66
4.79
3.44
6.77
7.42
3.58
2.81
1.40
3.27
4.13
6.73
5.62
5.97
2.14
4.75
4.40
1.15
6.09
8.73
2.26
4.79
7.34
4.03
4.80
5.09
5.14
4.15
6.58
8.84
8.26
6.93
2.16
9.77
3.32
7.28
8.94
3.16
4.99
6.06
