2.66
6.00
9.51
8.01
9.22
3.74
3.84
6.04
9.16
1.79
6.36
4.18
4.72
3.99
4.20
7.06
3.92
7.87
3.72
8.17
5.67
4.50
1.79
6.87
4.09
4.31
9.74
1.28
3.16
7.15
5.93
6.14
5.88
4.10
3.01
6.63
5.79
0.22
6.07
3.43
5.22
4.09
3.91
5.03
4.99
9.33
1.44
4.89
2.00
2.14
2.08
3.32
2.74
4.52
6.12
4.19
3.74
7.24
7.14
6.12
3.53
4.01
2.35
6.65
5.92
3.46
6.45
4.89
6.48
8.59
4.65
4.19
8.01
2.31
3.91
7.28
0.32
6.96
8.21
5.44
5.35
1.26
7.41
6.99
6.85
7.82
3.12
5.62
0.51
5.85
5.47
8.42
5.84
5.49
7.60
4.53
4.12
3.63
5.06
8.43
4.39
6.39
6.96
3.54
7.55
7.26
8.20
4.00
6.09
5.59
6.01
3.98
4.02
3.09
4.80
5.73
3.78
5.12
3.06
6.37
