8.27
4.28
8.81
6.08
3.48
6.07
7.38
4.36
5.01
9.42
6.21
8.55
5.54
5.93
7.85
7.24
4.58
7.57
5.17
8.53
6.31
3.67
9.18
3.54
6.31
3.63
5.68
7.07
9.06
5.72
2.21
7.18
1.87
4.51
0.88
6.43
6.87
6.22
1.12
7.69
3.23
7.19
2.52
8.62
2.17
2.81
4.37
5.96
7.43
2.38
5.65
1.74
5.59
7.81
6.37
4.65
8.86
5.47
8.58
0.31
6.67
4.78
3.60
2.21
6.81
6.22
4.77
5.73
2.60
6.63
3.02
5.65
1.58
3.41
5.64
4.11
4.09
3.66
3.87
5.88
2.83
5.80
5.71
4.93
3.10
4.39
1.48
2.20
3.04
2.61
5.19
7.27
5.42
10.7
4.61
5.78
8.24
5.18
6.10
0.29
7.89
1.73
3.42
4.65
2.30
7.40
5.78
5.20
5.59
0.41
5.50
3.84
7.35
5.54
3.42
9.14
1.97
6.50
9.06
7.72
