2.92
3.43
2.51
9.73
6.28
0.43
3.49
7.97
4.26
6.48
5.86
5.23
4.25
6.52
5.71
7.00
4.25
4.13
8.11
5.07
10.1
0.57
3.46
5.99
6.31
1.50
3.93
5.53
5.78
6.03
4.38
4.73
5.79
4.61
6.15
5.30
5.99
6.13
8.50
6.85
0.06
4.58
9.03
4.27
2.63
10.1
3.28
5.63
3.91
5.72
1.72
7.62
2.84
6.66
7.25
4.36
4.83
8.94
9.58
5.60
3.88
3.34
5.37
3.16
3.44
4.46
6.40
6.67
2.15
4.39
6.00
4.45
4.24
6.10
8.90
3.59
7.35
5.73
2.99
7.15
5.69
2.53
4.35
3.77
4.77
4.50
4.84
5.25
7.50
2.55
4.57
3.87
2.01
6.46
7.64
8.24
6.28
4.06
3.84
3.48
2.57
5.77
0.62
3.26
5.15
7.25
4.79
4.12
3.57
5.89
2.47
3.71
6.12
2.84
6.34
2.83
4.53
3.27
1.49
0.73
