0.73
6.40
1.66
4.10
8.31
3.20
6.44
0.48
7.76
0.14
8.36
6.13
1.14
5.21
6.94
5.76
6.18
5.27
5.99
3.47
5.93
2.18
3.89
3.56
5.37
7.33
2.11
3.01
5.77
5.16
4.98
1.71
4.10
7.62
6.62
6.50
4.41
7.85
1.00
3.49
6.33
1.55
3.12
2.09
2.44
2.79
2.85
2.63
6.72
3.46
5.34
0.93
6.14
2.13
8.97
4.64
3.12
4.00
4.41
5.84
0.77
2.86
1.69
2.95
6.31
4.78
2.04
3.55
4.87
3.31
7.37
3.14
6.37
4.81
6.26
5.03
2.71
2.93
5.30
5.37
6.01
2.10
5.39
4.24
2.73
8.40
7.36
7.52
3.92
4.44
5.87
1.26
6.28
6.42
2.24
6.44
2.53
4.79
4.53
4.02
3.73
5.99
6.49
5.33
4.69
4.94
8.24
6.87
8.26
7.04
6.49
2.23
6.81
2.75
6.63
3.43
1.45
3.00
2.52
6.31
