3.50
4.58
2.83
7.14
6.29
1.46
0.99
9.53
5.64
7.87
3.37
5.90
3.83
3.07
5.73
7.53
4.53
7.11
6.17
4.65
2.19
5.10
7.80
6.56
5.09
6.72
6.78
3.36
4.30
4.68
4.57
5.49
3.98
3.93
7.03
6.38
3.44
3.65
0.26
6.71
3.35
2.37
4.53
3.23
1.47
4.28
1.56
8.92
9.60
4.34
3.73
5.10
3.70
5.60
1.77
2.93
1.44
7.84
1.90
2.16
4.50
2.77
4.87
6.36
5.12
2.05
6.12
8.13
7.59
6.61
4.44
4.73
3.97
4.99
6.47
7.85
5.98
6.35
2.42
8.38
2.33
4.99
7.42
7.49
7.49
7.15
6.50
6.45
5.84
7.57
4.48
2.07
5.96
5.02
3.11
5.64
6.06
7.25
5.89
5.96
7.58
6.89
5.27
7.76
5.35
4.79
5.73
2.94
5.60
3.26
5.46
5.78
6.45
2.42
3.34
4.24
4.87
4.27
5.23
7.09
