7.09
5.39
2.72
6.01
3.56
2.11
5.78
6.04
4.57
1.96
3.22
7.04
2.23
4.84
3.46
2.03
7.77
4.49
3.36
6.86
6.89
5.80
2.33
4.74
4.56
3.78
5.51
4.83
7.36
6.98
1.36
6.21
6.13
4.29
4.14
2.00
4.22
3.76
3.80
3.51
1.89
4.13
3.39
3.92
6.32
3.70
6.04
4.80
4.19
4.92
1.19
1.58
0.71
7.59
5.06
3.65
6.20
3.99
6.23
8.31
5.38
6.69
6.41
5.21
6.33
5.44
7.42
7.96
7.17
4.25
5.91
4.91
2.12
3.76
6.04
4.93
2.28
2.64
8.32
6.20
1.84
8.62
3.87
6.39
2.97
3.71
5.59
2.25
5.69
3.38
4.41
1.43
3.65
8.99
8.46
6.81
5.04
3.26
1.97
4.61
6.21
7.97
6.54
3.45
4.00
5.98
2.87
2.86
2.50
5.82
7.75
3.55
4.92
2.18
7.08
2.74
8.04
3.99
3.89
5.29
