6.25
4.57
3.90
5.29
4.74
6.64
3.71
7.48
3.62
3.56
3.30
7.83
3.82
3.72
7.61
6.93
7.74
1.73
6.70
4.86
5.74
6.50
5.65
2.70
6.56
6.84
5.03
6.29
1.61
2.69
6.49
5.42
8.00
5.77
3.13
6.76
3.72
4.22
6.14
3.82
8.84
3.97
3.67
6.18
2.21
4.98
7.62
4.54
4.97
5.72
3.66
6.29
6.47
2.60
3.21
3.47
4.42
2.12
4.69
7.20
4.09
2.34
5.50
1.98
3.54
3.38
4.28
4.61
2.25
5.46
4.25
6.58
3.65
4.44
3.43
5.80
6.60
5.61
7.26
5.32
11.7
4.67
8.58
3.49
6.25
5.15
3.67
3.08
4.21
4.41
6.54
1.86
4.63
3.83
4.32
7.34
4.20
8.86
7.51
4.09
5.82
2.05
4.57
6.43
6.91
4.99
4.07
5.81
0.54
4.96
0.19
8.96
4.42
3.43
7.92
5.02
5.28
5.97
3.06
3.23
