9.17
2.25
6.21
3.78
0.36
0.76
6.05
1.22
7.17
3.18
5.51
4.18
3.72
5.91
6.88
5.82
5.45
6.77
7.82
4.93
2.54
1.57
4.24
4.86
5.33
5.54
3.78
8.32
6.93
5.34
6.67
6.42
4.10
2.29
2.01
5.31
7.44
4.61
9.39
1.40
2.68
7.92
0.56
5.19
7.52
0.82
1.50
6.87
1.17
5.35
5.27
5.58
5.60
3.49
3.40
4.15
5.36
6.15
6.63
3.44
4.79
7.69
3.98
6.01
6.77
6.96
1.31
4.10
4.07
2.96
5.98
2.74
3.35
2.40
3.97
9.29
1.41
3.52
5.44
9.66
4.46
6.20
2.57
3.53
6.24
5.84
6.61
4.57
1.56
5.12
6.29
6.47
5.51
2.14
1.62
3.51
6.05
4.43
6.80
4.70
4.37
1.97
5.16
4.14
5.99
2.90
8.21
5.45
7.30
5.90
6.00
5.40
5.84
3.72
5.22
10.8
2.01
1.17
7.89
7.14
