1.51
2.59
3.02
2.73
2.89
4.34
6.71
1.41
7.31
4.51
5.19
4.97
3.69
2.84
2.76
4.09
3.67
4.84
9.19
5.33
5.80
5.52
4.60
6.27
8.12
5.52
4.36
3.56
4.38
5.88
8.60
0.59
7.05
6.05
5.00
4.70
5.60
5.82
5.64
8.58
6.53
2.94
6.73
5.94
5.15
3.26
8.85
4.18
6.59
6.93
5.49
2.95
2.98
6.24
4.55
7.78
8.11
7.46
2.30
3.26
5.38
4.73
6.23
3.83
8.10
5.98
6.77
4.00
7.98
4.66
9.78
4.76
7.28
5.66
6.37
2.91
7.33
6.50
2.61
5.41
5.23
2.87
3.28
9.55
6.71
7.83
3.26
7.85
6.12
6.17
5.61
4.75
7.41
3.12
4.58
4.55
2.95
7.86
5.23
4.60
3.92
2.73
9.00
1.87
3.19
3.91
2.25
1.57
5.11
2.52
3.27
7.36
2.91
7.69
4.67
2.88
2.74
1.98
6.69
6.70
