2.00
5.02
2.25
4.09
4.09
3.19
4.80
3.75
6.85
6.20
5.57
4.77
0.66
4.21
1.50
4.72
7.00
5.60
8.92
6.12
5.73
3.49
5.35
5.56
4.77
7.59
2.12
5.00
4.46
3.85
5.99
7.38
7.83
4.56
5.50
6.87
3.93
4.19
4.51
5.80
6.46
4.88
4.02
5.38
6.26
8.67
3.26
2.63
0.63
8.33
5.17
3.97
0.57
4.45
3.55
6.06
7.97
4.84
6.92
10.4
4.79
5.65
9.12
4.40
5.36
4.44
3.36
4.54
2.43
2.45
3.19
6.30
6.66
3.08
6.82
4.26
6.49
4.05
5.19
0.48
3.58
0.23
4.80
6.80
4.76
6.61
4.77
0.76
6.13
0.51
4.91
3.88
6.66
6.12
5.36
5.02
6.86
3.81
5.26
2.68
5.13
6.04
7.81
3.60
4.28
6.02
4.22
4.32
4.53
4.51
7.13
7.06
1.69
5.20
3.54
6.30
2.48
7.41
4.20
6.66
