3.49
4.77
2.59
5.98
6.78
7.83
3.13
4.44
5.22
6.40
3.45
5.37
1.77
8.17
4.70
5.68
6.34
3.10
6.94
0.53
6.87
5.35
4.14
3.66
3.77
3.89
3.61
5.18
7.34
6.20
1.64
3.60
0.98
5.45
1.81
2.66
7.10
7.36
3.53
2.42
7.20
5.63
5.97
8.05
3.34
5.77
3.14
8.28
2.40
2.16
4.25
5.72
4.83
3.54
8.42
8.13
1.59
6.02
4.53
3.03
9.00
4.10
3.69
1.99
4.64
1.75
3.15
4.38
1.54
5.18
4.49
5.17
6.54
4.00
5.44
4.27
4.77
5.75
5.66
2.08
8.70
5.95
4.99
3.42
7.49
1.30
3.80
4.98
3.86
7.10
5.19
7.58
5.14
5.15
5.77
2.85
6.92
2.73
2.24
3.78
7.06
1.63
7.33
5.08
3.56
2.95
6.24
7.40
5.52
5.64
7.54
4.94
4.62
6.01
3.90
8.12
3.90
9.06
5.24
1.52
