5.06
3.58
1.66
4.34
4.00
7.95
3.49
6.22
5.65
3.84
9.95
6.75
3.69
6.70
4.04
6.58
4.09
3.92
6.97
3.15
4.05
4.74
3.67
4.37
3.47
5.10
3.55
3.20
3.18
3.60
5.66
5.55
5.18
10.3
5.00
1.31
3.13
5.12
3.21
5.51
4.17
8.46
3.35
6.32
10.4
0.82
7.50
2.63
7.68
6.30
7.41
5.66
4.89
1.75
7.54
6.36
3.59
5.51
6.37
2.04
4.52
4.57
4.29
3.40
6.11
6.61
1.88
4.27
4.73
3.79
2.61
1.07
2.82
2.77
6.26
1.27
1.21
7.51
7.31
3.81
5.44
2.95
8.38
4.69
4.16
6.17
4.11
3.43
6.53
5.38
5.31
5.23
6.47
5.11
2.60
9.69
4.47
4.76
2.20
7.65
10.9
2.60
5.77
2.99
2.64
4.76
6.83
5.37
2.60
5.82
0.92
9.85
7.74
4.33
7.32
5.23
7.87
5.07
4.69
4.66
