7.03
7.52
6.90
1.62
5.25
3.90
6.38
6.32
2.03
8.48
4.92
3.59
1.44
8.02
4.29
5.02
5.92
3.96
3.13
4.17
5.36
4.44
3.68
3.10
6.36
5.54
3.64
5.84
8.99
0.32
4.03
0.30
5.00
7.08
7.07
6.67
5.00
5.12
2.63
4.60
3.40
4.89
2.12
2.28
3.96
4.05
3.03
9.03
2.48
6.10
3.76
2.85
4.75
3.53
7.41
6.58
7.55
3.11
2.77
5.32
3.84
2.77
4.73
5.06
5.22
6.83
5.71
5.13
3.16
5.22
2.75
8.84
8.21
1.87
4.07
5.68
4.98
4.96
5.34
4.01
4.88
5.90
3.70
6.25
4.64
4.62
4.25
4.56
5.71
8.31
5.47
8.68
7.05
8.70
5.51
3.90
5.52
5.54
2.25
7.30
0.42
2.20
6.41
3.32
5.92
4.71
2.66
4.25
6.10
3.95
5.76
2.29
5.52
1.43
7.64
1.80
4.34
8.97
6.60
6.55
