3.17
3.83
5.39
1.90
6.35
4.83
7.63
6.18
9.06
7.27
4.59
8.62
7.72
6.90
6.44
5.05
6.07
7.65
3.92
7.66
1.62
2.90
2.78
2.82
4.69
6.44
4.05
7.48
4.09
5.39
2.58
6.70
5.08
3.17
4.92
6.50
6.31
5.37
6.76
4.30
6.23
4.73
1.65
3.37
6.02
8.96
4.21
3.26
4.06
4.03
3.83
5.53
3.65
6.16
4.35
3.93
4.59
3.34
4.93
4.47
4.05
4.45
7.27
2.80
4.66
4.98
5.43
3.89
5.82
3.81
6.79
5.85
5.87
4.69
6.28
3.51
8.28
3.58
5.18
5.34
3.50
6.21
6.41
4.51
6.90
5.29
2.66
7.30
4.15
5.29
4.10
1.86
5.53
7.06
5.61
4.13
5.75
6.31
5.62
4.24
2.50
6.40
2.68
4.44
7.00
5.89
2.40
4.68
5.64
3.10
0.14
6.36
2.81
5.16
2.82
4.50
7.42
5.93
3.35
4.25
