5.57
5.79
5.57
4.26
4.90
3.88
1.47
3.60
4.73
7.50
5.05
4.84
5.37
4.23
7.94
3.24
2.57
5.93
3.78
5.76
7.62
10.6
4.84
4.91
6.52
1.51
5.71
1.14
6.87
5.29
8.99
5.67
6.34
5.53
2.84
5.25
4.24
2.08
5.97
8.57
4.43
2.67
2.70
8.39
7.35
4.88
2.74
5.41
5.61
6.77
8.00
5.39
2.59
1.77
4.99
2.43
2.49
5.07
4.77
7.59
6.21
5.73
5.41
5.06
6.74
2.77
6.23
6.42
4.85
6.94
3.26
6.77
3.69
5.97
5.19
4.32
3.90
4.24
5.53
7.21
3.59
7.30
4.52
4.99
2.00
5.21
0.95
5.32
3.93
8.08
5.64
10.1
1.87
7.48
6.04
7.63
4.58
2.70
6.28
5.70
9.91
5.76
3.78
5.98
4.07
0.39
5.17
2.83
4.48
3.29
2.78
4.32
5.06
5.44
3.93
5.10
3.97
5.64
3.83
4.94
