9.00
7.00
5.17
7.56
9.83
10.0
7.00
7.34
8.00
11.0
11.0
8.00
7.00
8.00
7.00
8.00
11.0
8.41
7.43
7.00
10.0
11.0
6.00
9.97
8.46
7.00
5.00
12.0
7.49
5.00
6.31
7.43
14.9
6.00
9.70
6.00
9.86
11.0
8.00
5.00
9.00
9.76
10.0
7.00
13.0
11.5
7.00
10.0
11.0
10.6
9.00
7.00
11.0
9.78
11.0
7.00
8.00
7.75
7.00
8.55
9.85
8.00
8.00
6.00
6.00
5.57
9.00
10.0
7.00
9.00
10.9
15.0
8.00
5.00
8.00
6.00
8.00
7.00
7.00
10.0
8.00
6.00
3.00
10.0
7.00
2.00
9.00
10.0
9.00
10.0
11.0
11.0
8.00
7.00
8.00
8.00
11.0
12.0
7.00
9.00
9.00
11.0
6.00
8.00
10.0
11.0
11.0
11.0
10.0
8.00
10.0
8.00
11.0
7.00
9.00
6.00
8.00
9.00
12.0
8.00
13.0
7.00
8.00
10.0
9.00
7.00
12.0
7.00
8.00
5.00
12.0
14.0
10.0
6.00
9.00
9.00
6.00
11.0
14.0
9.00
7.00
13.0
11.0
4.00
5.00
6.00
6.00
11.0
8.00
13.0
7.00
9.00
7.00
10.0
12.0
7.00
7.00
10.0
9.00
11.0
5.00
7.00
9.00
6.00
10.0
8.00
12.0
8.00
9.00
8.00
9.00
8.00
10.0
12.0
8.00
9.00
8.00
7.00
6.00
9.00
