6.34
7.67
7.88
6.97
7.72
6.98
9.04
8.08
4.04
12.1
7.06
8.06
8.00
10.0
12.0
9.00
9.00
8.00
9.00
13.0
12.0
8.00
10.0
12.0
11.0
9.96
7.93
9.00
9.00
10.0
7.97
8.99
11.0
7.99
9.99
13.0
8.99
9.97
12.0
9.99
8.94
8.00
9.05
9.86
9.00
10.0
8.95
8.00
6.99
8.84
10.5
9.01
9.01
8.00
12.3
8.01
12.0
8.84
9.56
14.0
11.0
11.6
9.00
11.3
8.94
8.00
11.2
7.00
9.00
10.3
10.5
9.00
5.99
12.0
10.0
7.99
7.99
11.0
6.99
6.99
7.99
10.0
12.0
8.00
11.0
10.0
7.99
7.99
6.00
5.00
12.0
8.00
9.00
10.0
9.00
9.00
6.00
9.00
12.0
11.0
11.0
7.00
9.00
10.0
10.0
14.0
10.0
9.00
10.0
10.0
12.0
12.0
10.0
10.0
10.0
7.00
6.01
9.00
12.0
10.0
10.0
8.00
11.0
10.0
10.0
8.00
7.00
8.99
11.0
12.0
8.00
11.0
11.0
9.98
5.99
8.00
10.0
11.0
12.0
9.00
7.00
10.0
11.0
12.0
9.00
11.0
9.00
10.0
10.0
6.00
11.0
6.01
10.0
5.01
8.00
12.0
11.0
11.0
10.0
10.0
12.0
10.0
10.0
8.01
6.01
9.00
8.00
13.0
8.00
12.0
11.0
6.00
8.94
8.00
9.00
9.00
12.6
7.99
10.9
9.00
