5.14
6.28
7.31
8.44
4.97
8.45
7.99
7.99
6.99
6.99
9.97
7.01
9.01
8.00
9.00
8.00
4.00
9.00
10.0
11.0
12.0
5.00
7.00
10.0
9.96
9.89
6.99
7.86
7.45
10.0
7.74
4.98
9.47
7.55
9.80
8.00
8.13
8.84
7.00
7.00
6.98
10.0
6.22
6.35
7.49
8.97
6.74
9.00
8.95
7.67
7.15
7.33
6.64
8.00
6.54
6.96
4.98
5.36
7.85
8.00
7.14
7.05
8.25
6.96
7.00
6.00
5.96
8.80
4.98
7.00
6.64
6.00
5.96
6.79
11.0
7.00
7.01
9.00
15.0
8.05
7.05
8.00
8.00
9.00
8.01
5.00
11.0
6.00
8.00
12.0
6.00
9.00
10.0
8.00
6.00
8.00
10.0
9.00
11.0
12.0
10.0
7.00
6.00
7.00
12.0
8.00
11.0
12.0
8.00
10.0
7.00
10.0
7.00
10.0
10.0
6.00
11.0
7.00
11.0
6.00
8.00
12.0
6.00
9.00
10.0
11.0
6.00
9.00
7.00
7.00
8.00
11.0
9.00
7.00
9.00
12.0
8.00
7.00
7.00
9.00
4.00
13.0
8.02
10.0
7.00
7.01
11.0
9.02
6.00
9.00
9.00
9.00
7.41
8.42
6.00
8.00
8.00
6.96
7.58
4.97
8.87
7.00
10.7
8.00
9.58
7.00
8.99
11.0
6.99
6.99
5.00
7.94
8.99
7.00
9.99
6.00
6.96
5.94
7.94
11.0
