6.89
7.69
7.05
6.89
8.66
3.99
6.88
7.50
8.77
6.94
5.96
7.01
7.95
8.99
11.0
10.0
6.00
8.00
7.00
11.0
9.00
11.0
12.0
11.0
13.0
14.0
12.0
6.00
10.0
6.01
8.00
10.0
14.0
10.0
9.00
10.0
9.00
13.0
10.0
9.01
10.0
11.0
9.00
10.0
10.0
11.0
9.00
13.0
8.00
10.0
9.00
7.01
9.01
9.01
12.0
6.01
9.01
6.01
9.06
11.0
10.0
10.0
5.04
9.05
6.01
12.0
11.0
11.0
8.01
10.0
9.01
9.01
8.00
13.0
13.0
7.01
12.0
11.0
13.0
6.01
11.0
10.0
10.0
7.00
7.00
7.01
6.00
9.00
9.00
9.00
9.00
10.0
7.01
8.01
11.0
10.0
8.00
8.00
10.0
9.01
8.01
12.0
10.0
13.0
13.0
9.01
8.01
7.00
15.0
9.00
5.00
10.0
9.00
13.0
9.00
9.01
8.00
13.0
6.00
10.0
10.0
11.0
9.00
7.00
8.00
10.0
7.00
7.00
7.01
9.00
9.00
8.00
9.00
7.00
7.00
11.0
5.00
9.00
9.00
7.00
10.0
7.00
8.01
9.00
8.00
8.00
7.00
7.00
9.00
10.0
12.0
12.0
11.0
9.00
9.01
7.00
9.00
10.0
10.7
6.98
10.3
6.95
12.0
4.00
11.8
8.92
11.0
8.61
13.0
8.55
8.52
7.58
9.26
8.42
9.00
10.5
5.00
11.2
7.93
8.79
