4.97
7.93
7.99
7.93
4.98
8.99
8.92
10.1
8.75
7.99
10.0
10.0
7.00
9.00
11.0
8.00
8.00
5.00
12.0
9.00
5.00
9.00
9.00
12.0
9.00
7.00
9.00
11.0
9.00
8.00
5.00
10.0
5.01
6.00
7.00
8.00
8.00
6.00
5.00
9.00
4.99
12.0
11.0
5.99
9.99
8.99
8.99
9.00
6.99
6.99
11.0
11.0
12.0
9.00
9.99
9.99
9.99
9.99
9.99
6.99
8.99
8.99
5.99
5.99
7.99
7.00
11.0
5.99
9.99
9.99
6.99
7.99
9.99
15.0
8.99
7.99
8.99
4.99
11.0
9.99
9.99
10.0
2.00
9.99
9.99
7.00
8.99
7.00
10.0
7.00
10.0
7.99
6.99
8.99
9.99
8.00
11.0
12.0
11.0
13.0
12.0
8.00
5.99
8.99
7.99
12.0
9.00
7.00
12.0
5.99
8.00
8.00
9.99
9.00
7.99
7.99
8.99
9.00
8.00
8.00
10.0
10.0
9.00
8.00
12.0
9.00
6.00
11.0
8.00
10.0
11.0
10.0
8.00
7.00
8.00
9.00
7.00
9.00
7.00
8.00
10.0
8.00
6.00
7.00
9.00
10.0
8.00
13.0
3.00
9.00
4.00
9.99
5.99
11.0
13.0
8.00
6.99
8.99
9.99
8.99
7.99
8.00
8.99
11.0
6.99
7.00
7.99
8.00
11.0
8.99
8.99
11.0
12.0
6.00
9.99
9.00
3.99
9.99
6.99
7.00
