4.97
6.23
5.98
7.74
9.99
7.01
6.99
6.99
9.18
9.01
12.0
6.01
8.00
8.00
7.00
4.00
6.00
5.00
9.00
8.00
11.0
8.00
9.00
6.00
9.40
7.95
8.94
8.00
8.00
9.00
8.99
8.62
8.04
6.73
9.97
10.0
5.98
5.96
10.5
9.35
8.15
11.0
8.72
7.01
9.43
8.61
6.82
5.00
9.26
7.47
8.13
7.34
6.96
6.00
6.81
7.02
6.68
5.58
7.04
11.0
6.67
6.85
5.94
6.00
5.96
11.0
7.24
10.0
3.98
5.72
6.91
5.97
6.94
6.81
7.00
6.00
9.61
10.0
8.97
11.0
11.0
8.00
8.00
8.00
9.00
10.0
8.00
8.99
11.4
8.00
10.0
8.00
6.00
7.00
8.00
10.0
9.00
6.00
6.97
8.95
5.00
6.00
10.0
13.0
11.0
7.00
9.00
8.00
8.00
9.00
9.00
6.00
9.00
6.00
9.00
11.0
9.89
7.00
7.00
7.00
8.00
10.0
12.0
10.0
11.0
8.00
8.00
7.00
9.00
9.00
11.0
9.00
8.00
9.00
8.00
9.00
9.00
9.00
8.00
9.00
6.00
9.00
7.94
10.0
6.00
7.96
10.2
5.96
7.00
13.0
8.00
6.00
7.33
9.00
9.00
7.00
7.00
7.04
6.99
10.0
10.4
7.00
7.00
6.93
8.30
8.73
7.61
8.00
8.87
6.68
6.68
6.92
4.99
8.00
5.00
7.00
10.3
9.05
4.96
3.00
