9.83
10.8
11.0
9.00
11.0
9.00
10.0
10.0
10.0
9.00
9.00
9.00
12.4
10.0
7.00
6.14
7.00
10.0
9.00
9.00
10.0
9.00
11.0
11.0
11.0
7.00
10.0
7.00
9.00
9.00
9.00
10.0
6.00
8.45
10.0
5.00
4.00
8.00
11.8
11.0
10.0
11.0
8.00
11.0
7.97
7.97
11.0
9.52
10.0
10.0
12.0
9.00
9.71
11.0
8.00
8.40
8.00
11.0
7.00
9.00
11.0
9.00
10.0
9.00
12.0
13.0
9.00
7.00
7.00
8.00
12.0
11.0
11.0
9.00
6.00
13.0
13.0
15.0
8.00
9.00
7.00
15.0
8.00
10.0
10.0
7.00
7.00
9.00
9.00
11.0
11.0
10.0
9.00
9.00
7.00
10.0
9.00
9.00
7.00
10.0
12.0
11.0
8.00
9.00
10.0
7.00
8.00
9.00
6.00
9.00
7.00
10.0
10.0
4.00
12.0
10.0
12.0
5.00
10.0
8.00
9.00
10.0
8.00
6.00
9.00
11.0
9.00
12.0
9.00
11.0
9.00
9.00
9.00
10.0
9.00
9.00
9.00
12.0
11.0
11.0
9.00
10.0
6.00
8.00
10.0
8.00
8.00
9.00
11.0
7.00
9.00
9.00
8.00
9.00
11.0
8.00
11.0
10.0
12.0
5.00
8.00
11.0
8.00
10.0
10.0
10.0
10.0
10.0
8.00
9.00
10.0
12.0
7.00
9.00
11.0
11.0
9.00
10.0
8.00
8.00
