7.69
9.00
7.00
9.99
8.00
9.00
3.99
8.00
7.00
7.00
10.0
8.00
11.0
7.99
9.41
7.74
5.66
7.90
10.0
8.05
10.5
10.0
8.78
10.0
6.71
5.00
8.00
7.97
11.1
9.59
10.0
6.95
7.00
10.0
9.00
9.00
9.00
6.00
7.00
10.0
6.00
9.00
6.31
9.00
9.00
10.0
11.0
4.66
12.0
10.0
5.00
7.00
7.64
7.00
7.00
10.0
7.00
8.00
8.00
7.00
11.0
10.0
9.00
8.00
7.00
5.00
11.0
13.0
7.00
8.00
8.00
7.00
11.0
11.0
9.00
12.0
7.00
10.0
8.00
8.00
9.00
6.00
13.0
10.0
9.00
7.00
7.00
11.0
4.00
8.00
12.0
13.0
6.00
6.00
9.00
9.00
10.0
11.0
10.0
8.00
6.00
8.00
11.0
8.00
12.0
5.00
9.00
7.00
6.00
7.00
9.00
7.00
14.0
8.00
11.0
9.00
7.00
8.00
8.00
8.00
7.00
8.00
8.00
10.0
10.0
9.00
8.00
9.00
9.00
8.00
13.0
5.00
12.0
9.00
9.00
9.00
8.00
6.00
8.00
9.00
7.00
10.0
7.00
13.0
6.00
8.00
9.00
11.0
7.00
5.00
8.00
11.0
9.00
8.00
10.0
9.00
6.00
5.00
7.00
9.00
8.00
6.00
9.00
6.00
9.00
9.00
9.00
6.00
8.00
8.00
10.0
9.00
10.0
11.0
9.00
9.00
11.0
6.00
7.00
5.00
