7.07
5.05
8.09
10.1
10.1
6.04
8.01
6.01
8.05
7.01
8.04
10.0
8.00
9.00
5.00
6.00
11.0
7.00
7.00
11.0
9.00
12.0
8.00
10.0
13.0
10.0
10.0
8.76
7.98
11.0
9.80
9.33
7.00
9.84
8.00
8.00
8.08
8.79
4.98
6.94
8.30
8.00
6.52
9.09
8.63
9.00
8.26
7.00
8.69
7.95
8.45
7.01
5.97
7.00
6.82
7.29
6.97
5.99
5.96
8.99
8.29
5.91
6.72
7.17
7.08
8.00
6.13
9.09
6.63
6.01
7.39
11.0
8.14
8.99
7.00
6.00
8.66
11.0
10.0
6.00
9.00
6.00
8.00
12.0
7.00
9.00
8.94
7.94
10.0
7.00
6.96
10.0
11.0
9.91
7.97
4.00
10.0
9.00
9.52
10.9
10.9
6.00
9.00
6.00
10.8
10.0
9.00
8.00
9.00
11.0
11.0
6.00
10.0
5.00
5.00
7.00
10.0
9.00
13.0
12.0
10.0
8.00
8.00
9.00
7.00
7.00
9.00
9.00
8.00
9.00
8.00
9.00
11.0
8.00
10.0
8.00
12.0
10.0
7.00
11.0
7.00
7.00
10.0
9.00
8.00
9.00
11.0
11.0
4.00
9.00
7.00
6.00
7.66
7.85
6.00
12.0
4.00
6.71
5.99
7.96
8.89
6.00
5.96
6.96
8.77
7.00
8.84
11.0
8.49
6.56
7.86
7.63
5.93
12.0
7.96
9.98
8.91
5.99
7.76
4.00
