7.00
8.00
9.00
8.00
9.00
8.00
8.00
9.00
7.00
9.00
7.00
7.00
7.00
9.00
7.00
8.00
7.00
8.00
9.00
8.00
8.00
8.00
7.00
7.00
5.00
8.00
8.00
9.00
6.00
7.00
7.00
8.00
7.00
8.00
7.00
7.00
6.00
9.00
7.00
9.00
8.00
7.00
8.00
9.00
7.00
9.00
6.00
10.0
8.00
8.00
8.00
6.00
8.00
7.00
9.00
8.00
8.00
1.71
10.0
8.00
8.00
7.00
7.00
7.00
9.00
6.00
5.00
7.00
7.00
6.00
6.00
7.00
7.00
8.00
8.00
9.00
6.00
8.00
7.00
8.00
8.00
7.00
8.00
10.0
6.00
8.00
2.95
1.29
0.94
8.00
8.00
7.00
8.00
7.00
7.00
8.00
6.00
9.00
8.00
9.00
6.00
9.00
9.00
5.00
9.00
8.00
9.00
8.00
8.00
9.00
7.01
7.00
9.00
9.00
6.00
7.00
8.00
8.00
6.00
6.00
8.00
9.00
9.00
7.00
7.00
6.00
7.00
7.00
10.0
6.00
7.00
7.00
8.00
9.00
8.00
9.00
8.00
8.00
7.00
6.00
7.00
7.00
7.00
7.00
8.00
6.00
0.30
6.00
5.00
7.00
8.00
8.00
9.00
8.00
7.00
8.00
7.00
7.00
7.00
8.00
7.00
8.00
8.00
8.00
6.00
7.00
8.00
8.00
6.00
6.00
8.00
7.00
8.00
6.00
8.00
8.00
7.00
7.00
8.00
