8.00
8.00
9.00
8.00
9.00
8.00
8.00
7.00
8.00
9.00
8.00
9.00
7.00
6.00
6.00
8.00
7.00
8.00
8.00
6.00
9.00
8.00
10.0
8.00
7.00
9.00
9.00
7.00
7.00
6.00
8.00
8.00
9.00
8.00
8.00
9.00
9.00
9.00
7.00
7.00
7.00
8.00
7.00
6.00
8.00
6.00
8.00
8.00
7.00
8.00
6.00
8.00
9.00
8.00
7.00
8.00
7.00
7.00
8.06
7.00
7.00
8.00
7.00
9.00
9.00
9.00
7.00
8.00
8.00
8.00
6.00
7.00
7.00
8.00
7.00
7.00
6.00
7.00
7.00
8.00
8.00
7.00
6.00
7.00
7.00
6.00
7.00
8.00
7.00
7.00
7.00
7.00
7.00
6.00
8.00
5.00
8.00
9.00
9.00
8.00
6.00
7.00
8.00
9.00
8.00
8.00
8.00
7.00
7.00
6.00
8.00
1.76
1.63
9.00
6.00
7.00
8.00
8.00
8.00
6.00
7.00
8.00
8.00
7.00
6.00
7.00
8.00
9.00
9.00
7.00
7.00
9.00
9.00
7.00
7.00
8.00
9.00
7.00
6.00
9.00
8.00
8.00
6.00
9.00
8.00
8.00
7.00
7.02
7.00
5.00
8.00
7.00
7.00
9.00
9.00
6.00
9.00
9.00
7.00
6.00
7.00
8.00
7.00
8.00
9.00
8.00
7.00
7.00
5.00
8.00
7.00
8.00
7.00
9.00
10.0
6.00
8.00
9.00
8.00
