8.00
8.00
7.00
7.00
8.00
9.00
8.00
7.00
7.00
7.00
8.00
9.00
9.00
7.00
7.00
7.00
8.00
7.00
8.00
9.00
8.00
8.00
8.00
7.00
7.00
8.00
8.00
7.00
8.00
7.00
7.00
5.00
6.00
7.00
9.00
6.00
7.00
6.00
7.00
8.00
8.00
8.00
9.00
8.00
7.00
8.00
9.00
7.00
5.00
8.00
7.00
8.00
7.00
9.00
7.00
7.00
8.00
2.10
1.16
6.00
7.00
7.00
9.00
7.00
6.00
9.00
9.00
7.00
7.00
9.00
6.00
7.00
8.00
8.00
8.00
8.00
9.00
9.00
8.00
9.00
5.00
7.00
7.00
8.00
1.82
1.49
0.86
0.68
7.00
7.00
8.00
7.00
7.00
7.00
8.00
7.00
7.00
8.00
7.00
8.00
8.00
7.00
7.00
9.00
8.00
7.00
8.00
0.90
6.00
7.00
9.00
6.00
7.00
6.00
5.00
9.00
6.00
9.00
7.00
6.00
9.00
6.00
8.00
10.0
7.00
7.00
7.00
7.00
6.00
10.0
8.00
7.00
8.00
8.00
8.00
7.00
6.00
9.00
7.00
8.00
8.00
7.00
7.00
8.00
7.00
7.00
7.00
6.00
9.00
8.00
8.00
9.00
9.00
7.00
7.00
8.00
7.00
7.00
7.00
8.00
6.00
8.00
8.00
7.00
8.00
7.00
8.00
6.00
8.00
7.00
7.00
7.00
7.00
7.00
9.00
7.00
7.00
6.00
