7.00
7.00
8.00
9.00
7.00
7.00
6.00
6.00
9.00
6.00
8.00
8.00
7.00
6.00
8.00
10.0
7.00
8.00
8.00
9.00
9.00
8.00
8.00
9.00
8.00
7.00
7.00
7.00
7.00
7.00
7.00
9.00
8.00
7.00
6.00
9.00
8.00
9.00
7.00
7.00
7.00
8.00
8.00
8.00
6.00
7.00
7.00
8.00
8.00
7.00
9.00
7.00
8.00
9.00
8.00
1.76
1.04
0.79
0.63
7.00
9.00
5.00
7.00
8.00
6.00
7.00
7.00
8.00
6.00
8.00
8.00
7.00
8.00
8.00
7.00
6.00
6.00
7.00
8.00
8.00
7.00
6.00
7.00
3.00
6.00
6.00
8.00
9.00
6.00
9.00
8.00
7.00
8.00
9.00
6.00
8.00
9.00
8.00
8.00
6.00
8.00
6.00
8.00
7.00
7.00
7.00
7.00
2.01
1.07
0.65
0.80
0.60
7.00
8.00
8.00
7.00
9.00
7.00
8.00
7.00
7.00
10.0
8.00
9.00
7.00
7.00
8.00
8.00
8.00
7.00
8.00
9.00
7.00
7.00
8.00
8.00
9.00
6.00
9.00
8.00
8.00
7.00
7.00
5.00
7.00
9.00
8.00
6.00
8.00
6.00
7.00
8.00
8.00
7.00
7.00
7.00
7.00
8.00
6.00
7.00
8.00
7.00
7.00
8.00
6.00
7.00
10.0
8.00
8.00
8.00
8.00
6.00
7.00
8.00
7.00
8.00
8.00
9.00
