11.0
11.3
6.00
11.0
7.00
9.83
10.5
7.70
10.0
10.0
9.00
9.00
9.00
11.5
6.00
10.0
8.00
9.00
9.00
5.00
13.0
12.0
12.0
7.68
8.00
7.45
13.0
10.0
9.00
8.00
9.00
10.0
10.7
10.4
10.0
9.00
11.0
10.0
11.0
9.00
9.00
8.00
6.00
12.0
6.00
11.0
9.00
7.00
11.0
12.0
10.0
10.0
8.00
7.00
10.0
11.0
9.00
11.0
9.00
7.00
8.00
7.00
10.0
7.00
7.00
9.00
8.00
10.0
14.0
8.00
9.00
10.0
13.0
8.00
7.00
7.00
11.0
12.0
10.0
9.00
7.00
9.00
7.00
6.00
11.0
11.0
10.0
11.0
8.00
12.0
11.0
10.0
11.0
13.0
10.0
12.0
9.00
9.00
7.00
10.0
10.0
12.0
9.00
9.00
10.0
10.0
8.00
11.0
11.0
12.0
11.0
10.0
6.00
9.00
8.00
9.00
8.00
9.00
8.00
11.0
11.0
9.00
10.0
12.0
9.00
11.0
12.0
10.0
10.0
10.0
13.0
12.0
12.0
12.0
7.00
9.00
7.00
11.0
9.01
13.0
8.00
8.00
11.0
11.0
10.0
8.00
7.00
11.0
8.00
6.00
9.00
11.0
13.0
10.0
7.00
12.0
10.0
9.00
9.00
12.0
9.00
7.00
11.0
10.0
10.0
9.00
7.00
4.00
11.0
11.0
11.0
10.0
6.00
10.0
12.0
8.00
8.00
9.00
10.0
7.00
