9.00
8.00
7.00
4.99
3.00
8.00
4.75
6.00
9.00
9.00
7.00
7.00
9.00
10.0
4.92
7.00
11.0
3.93
8.32
8.00
9.00
8.00
7.84
6.00
10.1
8.00
8.70
8.00
10.2
7.64
7.87
12.0
11.0
9.47
8.00
6.00
8.00
9.00
10.8
9.00
9.00
7.00
11.0
8.00
10.0
9.00
8.00
10.0
12.0
8.00
8.00
7.00
10.0
12.0
10.0
12.0
8.00
11.0
9.00
9.00
2.00
3.00
6.00
9.00
10.0
7.00
10.0
10.0
6.00
12.0
7.00
13.0
8.00
7.00
7.00
8.00
7.00
12.0
7.00
8.00
8.00
9.01
11.0
8.00
6.00
9.00
9.00
9.00
9.00
9.00
8.00
9.00
7.00
10.0
10.0
9.00
4.00
7.00
7.00
11.0
7.00
8.00
7.00
10.0
12.8
6.00
8.00
8.00
5.00
7.00
12.0
11.0
11.0
7.00
8.00
8.00
9.00
7.00
10.0
8.00
9.00
8.00
9.00
12.0
8.00
6.00
5.00
8.00
5.00
10.0
8.00
7.00
9.00
10.0
9.00
10.0
9.99
10.0
7.00
9.00
10.0
9.00
9.00
9.00
10.0
9.00
7.00
9.00
7.00
10.0
6.00
10.0
10.0
7.00
6.00
8.00
10.0
10.0
10.0
8.00
8.00
9.00
8.00
9.00
8.00
9.00
6.00
8.00
8.00
9.00
7.00
9.00
8.00
8.00
11.0
8.00
9.00
9.00
9.00
11.0
