7.27
5.99
6.99
5.99
12.0
9.00
9.09
6.97
7.95
7.92
8.60
8.96
6.95
4.97
7.25
5.98
6.95
6.84
6.74
6.94
7.16
7.41
6.47
8.49
4.99
6.99
6.57
4.97
8.11
7.57
9.50
5.99
4.98
7.48
7.97
8.43
7.76
7.99
9.06
9.42
7.95
11.0
9.43
9.30
7.99
8.00
2.99
11.0
7.97
4.97
6.99
3.00
5.98
9.84
7.97
5.99
9.99
10.0
8.99
7.99
6.99
11.0
8.99
9.99
8.97
7.93
4.97
6.64
5.98
7.69
7.40
5.98
7.00
7.99
7.00
7.99
8.55
9.44
6.99
6.96
9.64
7.96
5.95
8.00
8.99
8.00
11.0
6.99
9.00
6.99
8.99
8.96
8.44
10.0
8.26
6.00
7.00
8.99
7.29
7.52
7.03
6.98
6.55
5.98
6.65
7.52
6.93
8.82
6.96
5.96
7.03
7.17
6.76
8.00
8.63
10.0
4.99
6.48
6.62
4.99
4.96
5.71
5.99
6.12
6.81
8.85
7.37
6.75
5.93
5.98
7.93
9.99
7.40
5.99
7.99
6.97
6.99
8.96
6.44
6.70
5.67
6.10
7.49
8.22
7.30
7.09
4.95
9.99
5.99
8.99
7.00
7.10
6.99
7.33
7.40
8.97
4.98
6.78
8.36
6.96
10.0
8.00
6.96
7.61
4.98
3.99
6.97
7.08
7.49
6.57
6.27
7.65
7.45
6.66
5.96
6.97
8.89
4.99
8.99
6.00
