7.09
6.98
7.80
8.13
7.95
6.99
10.1
13.0
7.01
11.1
7.05
8.01
9.01
8.01
11.0
12.0
11.0
11.0
12.0
8.01
8.01
8.00
5.99
13.0
6.99
11.0
7.99
6.99
13.0
8.99
7.99
10.9
8.99
7.99
6.99
12.0
9.99
9.99
15.0
4.99
7.99
8.99
9.99
6.99
11.0
9.99
5.99
11.0
9.00
5.00
10.0
11.0
8.00
11.0
9.00
8.00
10.0
11.0
13.0
9.00
11.0
11.0
9.00
9.00
12.0
7.00
11.0
10.0
11.0
8.00
10.0
8.00
11.0
10.0
6.00
8.01
9.00
12.0
12.0
9.00
9.00
8.00
11.0
11.0
11.0
12.0
5.00
9.99
9.99
13.0
11.0
8.00
8.00
9.00
7.98
9.00
8.93
9.69
8.35
10.3
9.69
12.0
6.96
8.25
8.34
7.97
8.50
8.00
13.0
9.01
8.00
8.00
8.96
8.01
3.00
7.97
9.77
7.97
10.0
7.01
7.01
10.0
14.8
10.0
7.01
10.0
11.0
13.0
12.0
10.0
7.01
10.0
10.0
12.0
14.0
10.0
9.01
7.01
12.0
6.01
8.01
10.0
8.99
9.98
9.00
9.99
9.99
6.99
10.5
7.99
11.5
11.7
10.9
11.1
11.0
8.99
9.99
8.94
8.97
10.2
9.99
11.0
9.64
8.92
6.99
6.99
8.99
6.94
10.7
8.40
7.75
8.46
8.57
8.99
7.87
8.74
7.99
7.99
12.3
5.99
