6.89
8.58
7.44
8.11
8.94
7.94
6.99
10.0
8.00
12.0
11.6
13.0
6.99
9.99
6.99
9.00
7.99
9.00
11.0
10.0
8.01
7.01
9.01
9.01
8.00
12.0
8.01
8.01
8.01
11.0
11.0
9.01
10.0
9.05
9.01
9.01
10.0
12.0
11.0
11.0
8.01
10.0
9.00
7.01
14.0
9.01
12.0
8.01
12.0
9.01
12.0
8.00
10.0
10.0
9.00
11.0
9.01
9.01
6.00
6.00
8.00
8.01
9.01
6.01
9.01
11.0
11.0
9.99
9.00
11.0
8.00
12.0
11.0
5.99
8.00
12.0
8.99
8.99
10.0
10.0
11.0
11.0
8.00
11.0
10.0
12.0
10.0
10.0
12.0
11.0
9.00
10.0
10.0
12.0
6.00
10.0
9.00
10.0
7.98
10.2
7.91
4.99
10.0
9.11
8.28
9.94
7.95
10.0
11.0
7.00
10.0
10.0
9.00
8.79
7.00
12.9
9.70
9.26
7.01
7.01
7.00
10.1
9.11
9.48
9.01
8.01
10.0
9.97
9.53
10.5
8.94
9.96
8.00
10.0
9.21
9.38
6.95
9.72
9.01
7.95
8.34
8.97
8.87
7.95
9.01
11.5
7.99
9.99
4.99
11.0
8.00
9.99
8.99
10.9
9.99
12.0
9.01
6.99
11.5
9.88
9.93
11.0
13.0
8.95
9.67
3.98
7.94
8.99
7.01
8.88
8.93
7.97
6.99
8.94
10.0
8.99
8.43
7.99
12.0
5.99
