8.00
8.83
7.00
3.01
8.00
6.15
6.00
10.0
8.00
12.0
8.08
6.00
5.00
7.00
6.00
5.00
8.68
10.0
10.0
11.0
9.00
6.00
11.0
12.0
9.00
8.00
10.2
7.00
9.00
11.0
8.00
7.46
9.07
8.08
8.68
6.80
6.96
6.00
9.00
4.00
7.00
7.00
10.0
11.0
10.0
6.00
10.0
10.0
7.00
6.00
11.0
9.00
9.98
7.00
12.0
7.00
10.0
10.0
8.00
12.0
6.00
8.00
7.00
6.00
7.00
6.00
6.00
10.9
8.00
6.00
6.00
9.00
8.00
10.0
10.0
8.00
9.00
7.00
9.00
8.00
6.00
8.00
9.00
6.00
9.00
12.0
10.0
5.00
7.00
9.00
9.00
5.00
12.0
10.0
8.00
7.00
8.00
10.0
5.00
9.00
9.00
12.0
8.00
7.00
6.00
6.00
15.0
12.0
7.00
9.00
9.00
6.00
6.00
8.00
4.00
9.00
10.0
6.00
9.00
11.0
10.0
10.0
6.00
9.00
10.0
9.00
6.00
13.0
10.0
9.00
6.00
9.00
9.00
8.00
5.00
9.00
7.00
7.00
9.00
11.0
9.00
7.00
4.00
6.00
11.0
8.00
11.0
5.00
11.0
7.00
7.00
6.00
8.00
5.00
11.0
9.00
8.00
10.0
7.00
8.00
10.0
7.00
7.00
7.00
12.0
5.00
8.00
7.00
11.0
10.0
9.00
10.0
7.00
8.00
8.00
9.00
10.0
9.91
6.00
7.00
