7.57
7.27
4.99
9.08
5.04
7.01
12.1
7.05
8.06
11.0
7.05
7.06
10.0
9.03
7.06
7.00
7.01
7.06
8.00
5.99
8.99
6.99
7.22
6.94
7.41
6.76
5.50
4.97
6.70
7.66
6.24
7.73
6.59
6.36
7.44
7.21
9.04
2.00
9.77
9.21
8.99
11.0
7.99
9.78
7.99
8.00
11.0
8.00
4.99
8.97
2.00
6.97
5.99
8.91
7.61
9.91
8.70
6.95
9.04
8.98
8.70
6.95
9.03
5.96
7.81
7.96
7.30
8.26
8.70
4.99
7.37
10.1
8.00
5.97
6.99
9.19
7.99
8.66
8.85
6.95
8.65
7.93
9.87
7.83
9.09
9.52
11.4
8.99
8.00
7.00
7.00
9.00
7.99
5.98
5.94
7.00
5.00
6.97
9.00
11.1
10.1
7.06
8.00
9.03
9.08
10.0
9.08
9.00
9.01
7.99
7.95
7.93
6.92
7.28
5.98
6.08
6.37
5.93
7.99
5.99
5.97
5.69
5.84
5.94
7.97
7.95
6.88
7.09
7.65
5.93
5.96
6.00
7.71
6.41
6.95
7.31
4.99
7.99
7.01
7.00
5.96
7.16
5.98
7.99
9.19
6.76
6.21
8.51
4.99
5.97
4.99
7.84
7.20
4.99
7.15
6.97
8.98
7.33
8.99
6.31
9.52
7.67
8.09
6.96
5.99
7.00
10.0
8.95
4.01
7.01
7.04
6.01
11.5
8.19
6.87
8.56
6.77
7.48
6.94
9.88
