401.34
412.17
404.81
399.64
389.18
416.19
394.9
383.04
393.31
382.03
437.84
408.43
393.41
413.47
419.0
419.7
409.6
438.35
419.0
420.0
434.76
403.0
429.0
435.0
397.39
427.74
425.99
418.63
401.77
423.89
422.57
414.95
419.81
432.09
399.01
406.4
402.38
393.57
413.97
385.38
406.28
427.17
423.98
402.85
417.83
410.96
391.18
422.3
405.0
408.98
400.03
413.6
412.48
412.1
398.86
420.67
420.17
342.49
338.93
397.56
415.66
389.96
414.99
440.0
410.75
437.0
407.74
410.71
414.75
384.97
426.17
421.4
412.01
410.58
407.99
405.19
400.67
423.99
398.99
429.99
418.49
415.08
408.96
415.88
399.33
410.65
407.23
338.18
383.13
397.0
418.0
402.89
401.02
408.02
420.01
436.99
413.0
403.0
409.03
409.99
416.96
392.99
422.0
421.99
422.93
425.0
419.2
427.6
395.35
369.1
318.26
335.34
379.83
436.93
413.0
433.99
401.0
423.98
430.0
426.0
409.0
425.0
407.99
415.74
416.99
416.0
447.97
401.29
411.86
407.0
424.0
420.0
428.0
406.93
427.92
408.99
412.0
429.0
400.0
414.0
432.92
411.74
409.99
417.29
400.55
397.22
330.06
338.56
353.22
420.87
414.37
435.18
427.94
427.77
402.88
432.99
409.19
412.36
388.9
432.54
417.99
410.0
426.99
425.9
418.98
415.39
394.0
427.05
386.23
419.92
411.02
434.37
420.02
450.01
398.0
410.98
424.67
370.97
316.01
195.0
