399.0
403.0
419.0
406.0
416.0
408.0
423.0
404.0
407.0
431.0
419.0
424.0
411.0
407.0
405.0
410.0
427.0
403.0
407.0
410.0
426.0
420.0
405.0
421.0
393.0
405.0
394.0
384.0
415.0
402.0
396.0
411.0
417.0
409.0
399.99
416.0
381.0
427.0
424.0
401.0
425.0
406.0
418.99
433.0
436.0
432.0
414.0
411.0
399.0
428.0
415.0
388.0
402.0
411.0
416.0
399.76
387.87
391.32
376.45
391.0
404.0
432.0
409.0
431.0
422.0
412.0
422.0
396.0
427.0
413.0
412.0
398.0
405.0
408.0
419.0
406.0
401.0
419.0
416.0
405.0
419.0
408.0
417.0
416.0
391.46
396.49
382.81
380.03
391.41
409.0
413.0
422.0
392.0
390.0
414.0
389.0
408.0
421.0
395.0
408.0
410.0
403.0
427.0
424.0
402.0
410.0
401.0
407.91
410.07
402.65
386.17
380.07
394.68
399.0
403.0
423.0
417.0
420.0
384.0
404.0
426.0
404.0
403.0
413.0
407.0
422.0
418.0
398.0
401.0
399.0
397.0
419.0
408.0
403.0
396.0
406.0
400.0
413.0
416.0
409.0
421.0
419.0
423.0
404.0
424.0
378.54
406.75
397.27
428.0
395.0
386.0
399.0
400.0
422.0
386.0
412.0
408.0
434.99
419.0
404.0
422.0
418.0
408.0
407.0
405.0
413.01
428.0
415.0
418.0
416.0
422.0
414.0
406.0
403.0
419.0
400.0
417.0
420.0
364.0
344.0
