1960.17
2019.09
2046.03
2060.98
1997.84
2047.89
1999.03
2014.58
2081.12
2032.87
2108.81
2050.97
2027.87
2085.29
2084.72
2092.29
2051.55
2097.19
2051.1
2067.95
2120.65
2067.05
2049.47
2116.86
2073.07
2076.27
2077.15
2038.86
2057.04
2052.25
2055.4
2112.94
2072.67
2109.17
1997.46
2059.56
1964.98
2079.1
2085.86
1985.04
2047.86
2114.37
2084.49
2060.2
2068.82
2084.58
2025.85
2112.33
2045.84
2022.63
2045.28
2026.83
2069.08
2069.01
2034.69
2074.69
2034.82
1837.04
1830.62
2047.58
2068.24
2052.77
2008.48
2164.32
2073.53
2109.98
2065.35
2052.98
2052.08
1980.89
2085.61
2062.67
2090.93
2067.27
2075.94
2054.36
2068.58
2118.86
2048.94
2055.01
2112.51
2047.03
2075.36
2063.87
1990.25
1981.26
1976.45
1863.15
1982.29
2057.99
2095.96
2059.76
2040.04
2068.94
2054.93
2063.97
2072.0
2065.0
2016.54
2073.74
2062.83
2006.97
2124.99
2099.96
2097.67
2081.0
2095.48
2073.02
2016.39
1967.76
1775.66
1794.76
1911.4
2070.85
2043.99
2115.96
2063.87
2110.93
2044.0
2059.0
2096.99
2063.0
2069.98
2070.48
2066.98
2070.0
2146.93
2053.55
2059.31
2021.23
2107.94
2077.0
2091.0
2041.84
2057.83
2048.97
2023.0
2071.0
2030.99
2083.98
2092.84
2067.48
2085.72
2075.0
2031.81
1889.08
1791.67
1834.3
1921.11
2047.02
2043.1
2095.85
2096.99
2086.38
2012.75
2086.97
2033.37
2102.43
2035.0
2064.95
2110.64
2032.25
2067.63
2109.64
2078.38
2060.39
2070.36
2093.28
2064.34
2067.76
2099.31
2091.65
2047.32
2117.45
2058.93
2058.44
2101.04
1992.85
1715.83
1362.85
