380.9
395.65
394.47
417.62
397.25
390.46
398.82
388.01
421.55
420.04
430.85
416.09
406.36
416.98
419.41
405.88
414.66
392.49
405.43
404.05
413.5
416.98
410.78
423.76
438.53
410.54
411.86
412.59
408.41
403.46
408.82
412.3
405.42
405.56
397.46
410.0
389.04
427.56
409.28
404.29
404.36
430.3
409.76
403.3
402.51
419.22
404.76
419.18
413.87
402.52
412.23
388.7
416.94
410.79
415.46
423.58
409.63
388.21
393.94
421.53
421.94
412.4
384.94
419.47
414.98
411.87
397.53
408.88
385.59
387.02
421.34
390.97
414.02
421.59
403.98
409.99
423.26
438.99
401.96
392.04
447.03
399.0
407.0
426.99
404.0
384.01
403.29
394.44
396.27
419.0
430.96
418.99
404.0
419.91
415.96
408.0
422.0
403.0
389.49
420.86
415.91
399.0
426.99
399.99
423.79
418.01
421.01
422.0
406.0
405.41
375.56
394.44
388.23
396.0
418.99
408.0
423.89
424.0
399.0
402.0
417.99
413.0
410.0
408.0
410.0
417.0
425.0
406.99
421.01
401.0
431.0
405.0
419.0
401.98
416.99
408.0
395.0
404.0
406.0
415.0
391.0
421.0
412.97
435.0
373.05
372.24
380.99
409.13
384.01
411.0
405.0
408.0
407.38
414.28
410.0
406.0
395.99
410.7
397.25
402.89
419.45
391.95
406.65
411.9
423.45
394.65
426.42
419.61
414.35
395.77
418.04
404.07
400.11
407.42
416.94
418.48
398.76
400.16
373.48
333.79
