392.034
403.818
409.206
412.196
399.568
409.578
399.806
402.916
416.224
406.574
421.762
410.194
405.574
417.058
416.944
418.458
410.31
419.438
410.22
413.59
424.13
413.41
409.894
423.372
414.614
415.254
415.43
407.772
411.408
410.45
411.08
422.588
414.534
421.834
399.492
411.912
392.996
415.82
417.172
397.008
409.572
422.874
416.898
412.04
413.764
416.916
405.17
422.466
409.168
404.526
409.056
405.366
413.816
413.802
406.938
414.938
406.964
367.408
366.124
409.516
413.648
410.554
401.696
432.864
414.706
421.996
413.07
410.596
410.416
396.178
417.122
412.534
418.186
413.454
415.188
410.872
413.716
423.772
409.788
411.002
422.502
409.406
415.072
412.774
398.05
396.252
395.29
372.63
396.458
411.598
419.192
411.952
408.008
413.788
410.986
412.794
414.4
413.0
403.308
414.748
412.566
401.394
424.998
419.992
419.534
416.2
419.096
414.604
403.278
393.552
355.132
358.952
382.28
414.17
408.798
423.192
412.774
422.186
408.8
411.8
419.398
412.6
413.996
414.096
413.396
414.0
429.386
410.71
411.862
404.246
421.588
415.4
418.2
408.368
411.566
409.794
404.6
414.2
406.198
416.796
418.568
413.496
417.144
415.0
406.362
377.816
358.334
366.86
384.222
409.404
408.62
419.17
419.398
417.276
402.55
417.394
406.674
420.486
407.0
412.99
422.128
406.45
413.526
421.928
415.676
412.078
414.072
418.656
412.868
413.552
419.862
418.33
409.464
423.49
411.786
411.688
420.208
398.57
343.166
272.57
