403.0
428.0
426.0
445.0
417.0
434.0
411.0
440.0
461.0
438.0
423.0
423.0
413.0
426.0
425.0
444.0
411.0
446.0
417.0
424.0
448.0
431.0
401.0
419.0
434.0
430.0
432.0
412.0
432.0
426.0
405.0
447.0
429.0
442.0
419.0
439.0
411.0
425.0
435.0
419.0
423.0
426.0
432.0
427.0
410.0
430.0
426.0
430.0
425.0
393.0
443.0
439.0
433.0
428.0
420.0
418.76
401.91
353.05
354.82
436.0
412.0
416.0
420.0
444.0
433.0
434.0
434.0
431.0
416.0
423.0
401.0
427.0
447.0
420.0
443.0
431.0
423.0
428.0
436.0
414.0
428.0
412.0
434.0
410.0
404.46
388.71
377.36
359.41
397.85
417.99
438.0
402.0
418.0
445.0
408.0
415.0
423.0
428.0
423.0
430.0
429.0
427.0
442.0
435.0
422.0
430.0
421.0
397.91
395.07
394.52
337.19
300.61
343.66
422.0
399.0
428.0
434.0
433.0
433.0
399.0
445.0
419.0
445.0
430.0
424.0
403.0
424.0
428.0
416.0
411.0
437.0
436.0
415.0
432.0
423.0
418.0
402.0
404.0
416.0
417.0
428.0
418.0
417.0
417.86
410.29
333.47
312.9
319.4
374.06
427.0
441.0
431.0
432.99
403.0
417.0
415.0
415.0
423.0
427.0
420.99
420.0
414.0
414.0
453.0
422.0
425.0
435.0
420.0
447.0
418.0
442.0
423.0
413.0
435.0
440.0
432.0
438.0
406.0
297.0
164.0
