375.93
380.27
401.75
392.72
378.41
399.24
371.31
399.53
398.26
361.8
398.12
379.45
404.1
421.84
416.31
412.71
389.29
417.35
402.67
409.9
398.39
396.07
403.69
418.1
410.15
402.99
413.3
411.64
399.86
396.9
423.01
427.69
401.44
420.52
382.0
388.16
381.56
405.97
403.61
375.37
389.22
424.9
399.76
394.05
402.48
392.4
389.91
429.85
402.97
390.13
375.02
397.53
404.66
407.12
384.37
411.92
415.24
361.97
366.48
401.49
414.64
402.41
379.55
429.85
392.8
415.11
404.08
406.39
408.74
372.9
425.1
425.3
412.9
407.1
401.97
402.18
420.65
408.88
395.99
413.98
399.99
412.95
408.4
395.0
391.0
401.4
405.76
391.09
413.63
415.0
396.0
413.88
425.02
406.01
396.96
414.98
406.0
410.0
400.02
404.89
390.96
384.98
407.0
418.98
426.95
397.99
433.27
417.6
409.9
396.08
358.48
384.3
405.0
416.92
410.0
422.97
387.98
409.95
398.0
428.0
399.0
402.0
403.99
403.74
408.99
412.0
431.96
419.27
409.44
403.23
418.94
397.0
421.0
397.93
393.92
407.98
414.0
421.0
392.99
428.98
419.92
397.74
422.76
400.85
423.92
407.61
360.97
369.94
381.82
393.15
396.73
422.67
428.68
419.33
396.87
420.98
405.19
421.38
402.85
404.53
431.2
398.3
411.99
411.84
408.95
412.34
386.94
411.62
398.76
418.07
406.25
416.21
408.19
422.02
384.99
396.98
422.61
395.72
365.34
326.06
