381.0
390.0
382.0
383.0
388.0
397.0
393.0
370.0
366.0
378.0
377.0
378.0
388.0
399.0
380.0
395.0
376.0
384.0
401.0
390.99
387.0
380.0
391.0
401.0
393.0
387.0
378.0
389.71
367.0
377.0
365.0
385.0
387.99
408.0
377.0
391.0
407.0
391.0
387.0
388.0
385.0
390.0
367.0
395.0
372.0
383.0
395.0
381.0
392.0
389.0
374.0
353.19
300.9
381.09
384.0
386.0
381.0
388.0
384.0
367.54
395.02
389.31
388.91
392.0
385.0
384.0
402.0
373.0
391.0
379.0
398.0
396.0
368.0
375.0
373.0
390.0
369.0
369.0
400.0
371.0
384.99
377.0
381.0
374.0
400.0
383.0
393.0
384.0
367.0
381.0
387.99
377.0
377.0
380.0
381.0
383.0
386.0
389.0
401.0
381.0
379.0
375.0
384.0
381.0
384.0
382.0
363.0
399.0
391.0
394.0
364.0
380.0
376.0
405.0
391.0
392.0
419.0
383.0
399.65
393.52
391.22
391.88
382.41
379.63
405.0
396.0
398.0
371.0
381.0
385.0
389.0
391.0
368.0
377.99
387.0
392.0
373.0
372.0
383.0
388.0
388.0
382.0
386.0
383.0
395.0
388.0
376.0
385.0
384.0
422.0
379.0
371.0
394.0
383.0
377.0
384.0
388.0
390.0
386.0
374.01
392.0
381.0
408.0
392.0
403.0
372.0
390.99
386.0
380.0
388.0
373.0
382.0
383.0
375.0
372.0
367.0
401.0
376.0
368.0
251.0
