371.0
379.0
367.0
352.0
386.0
377.0
376.0
352.0
384.0
355.0
385.0
374.0
375.0
379.0
384.0
375.0
365.0
376.0
374.0
378.0
381.0
364.0
377.0
385.0
371.0
386.0
348.0
350.94
381.0
386.0
346.0
381.0
370.0
370.0
365.0
390.0
384.0
383.0
380.0
368.0
355.0
356.0
372.0
381.0
355.0
396.0
384.0
367.0
352.0
373.0
383.0
353.84
346.56
384.0
361.0
384.0
394.0
365.0
365.0
385.55
401.6
369.0
359.0
367.0
370.0
357.0
374.0
385.0
378.0
369.0
372.0
391.0
391.0
365.0
376.0
373.0
374.0
378.0
370.0
371.0
387.0
358.0
379.0
380.0
392.0
364.0
354.0
375.0
360.0
381.0
368.0
357.0
362.0
376.0
390.0
393.0
376.0
389.0
370.0
387.0
362.0
387.0
383.0
396.0
372.0
358.0
364.0
374.0
375.0
361.0
370.0
364.0
355.0
368.0
376.0
379.0
385.0
366.0
364.0
370.15
357.22
373.27
369.0
395.0
369.0
363.0
378.0
364.0
392.0
373.0
390.0
364.0
364.0
372.0
358.0
390.0
387.99
405.0
374.0
381.0
381.0
348.0
382.0
370.0
371.0
379.0
374.0
382.0
386.0
377.0
359.0
376.0
351.0
395.0
378.0
400.0
378.0
384.0
375.0
369.0
375.99
363.0
375.0
381.0
397.0
375.0
390.0
381.0
373.0
385.0
369.0
378.0
365.0
373.0
380.0
379.0
394.0
371.0
365.0
326.0
