1847.97
1874.64
1850.82
1874.56
1925.67
1933.83
1875.24
1831.24
1898.28
1883.2
1886.44
1854.52
1829.61
1875.57
1837.37
1885.63
1838.61
1830.49
1866.22
1867.63
1867.31
1860.21
1854.63
1924.09
1854.31
1886.6
1838.34
1841.17
1860.45
1862.31
1836.21
1886.78
1825.2
1885.63
1798.03
1902.57
1912.41
1861.63
1854.75
1852.36
1900.46
1883.08
1840.17
1884.47
1851.46
1887.03
1919.84
1863.28
1832.19
1881.16
1874.6
1829.74
1696.46
1881.23
1868.67
1887.78
1920.08
1867.68
1929.55
1894.06
1928.09
1883.07
1888.74
1913.59
1857.9
1869.4
1931.93
1881.63
1910.21
1857.33
1926.28
1914.01
1841.58
1890.22
1878.23
1909.97
1888.21
1877.8
1887.86
1882.61
1891.63
1845.06
1916.18
1860.99
1956.92
1895.14
1869.59
1883.77
1870.64
1897.27
1894.97
1854.52
1918.66
1883.7
1898.8
1934.3
1887.05
1895.36
1847.72
1860.33
1864.39
1876.01
1874.35
1908.12
1903.26
1865.58
1850.62
1921.44
1933.92
1875.43
1860.41
1888.53
1860.19
1920.21
1904.85
1899.16
1964.78
1888.26
1929.22
1877.22
1859.93
1912.97
1863.51
1870.29
1898.65
1880.84
1884.77
1845.96
1852.8
1906.02
1921.28
1860.69
1849.13
1889.11
1819.35
1864.64
1865.23
1892.98
1866.26
1918.47
1890.32
1878.08
1870.62
1870.91
1933.35
1832.82
1845.39
1890.5
1896.15
1890.45
1873.01
1883.44
1848.27
1919.44
1841.6
1924.09
1889.82
1920.64
1901.46
1862.89
1934.89
1885.0
1946.53
1938.34
1943.09
1858.05
1906.39
1911.98
1907.58
1918.88
1889.35
1871.26
1892.38
1891.86
1917.24
1875.83
1960.09
1881.88
1884.01
1583.01
