351.64
368.62
354.73
360.99
373.62
379.17
365.15
374.44
386.98
360.77
389.5
373.26
348.97
367.92
365.02
360.26
359.66
369.46
365.99
376.38
365.84
376.05
365.68
367.74
365.81
372.48
373.36
375.09
374.44
379.81
352.61
388.05
355.0
365.56
373.12
381.51
370.66
362.64
365.06
384.04
380.0
380.11
380.93
391.78
364.94
372.36
381.2
369.82
367.16
377.97
367.86
367.3
347.81
376.1
380.67
384.51
371.29
372.16
373.05
383.31
384.74
372.63
389.95
389.33
365.98
362.17
375.11
378.13
393.01
357.74
396.56
385.91
357.54
370.25
363.86
389.53
379.16
378.26
374.0
368.41
379.52
379.67
383.21
374.36
394.96
388.59
367.87
371.81
377.11
392.87
368.98
354.55
386.61
385.36
386.84
384.16
382.08
387.62
369.12
371.74
369.02
369.0
366.37
388.77
374.44
379.3
382.71
390.73
403.94
366.85
372.87
393.81
383.99
390.94
366.88
376.99
379.72
375.81
383.52
368.88
378.95
372.97
366.62
375.88
377.27
386.94
380.8
371.8
352.16
355.05
363.45
362.5
367.25
378.56
368.16
351.64
364.23
384.98
383.31
390.01
382.54
386.72
376.15
366.73
380.11
361.69
366.64
404.32
366.3
369.92
385.93
364.61
370.72
380.4
367.37
372.02
379.42
380.22
376.88
381.34
404.59
389.0
398.96
377.94
381.98
366.74
378.97
379.0
377.95
379.96
375.99
395.99
390.31
381.01
385.9
377.52
411.85
369.09
373.05
322.0
