361.58
361.49
369.14
385.74
379.49
384.22
357.72
355.65
369.34
395.18
360.96
364.14
356.61
354.99
351.13
381.65
365.75
331.55
366.05
349.89
367.7
368.46
360.87
387.57
363.65
362.01
361.64
355.01
363.4
360.97
373.58
368.89
344.33
369.73
342.62
360.49
360.03
361.68
356.31
351.14
381.52
378.28
357.11
354.77
365.5
356.99
376.99
368.47
355.87
363.34
370.45
370.67
352.36
367.78
368.01
375.47
381.6
364.52
414.5
372.74
366.04
367.53
367.91
371.75
356.92
382.92
392.82
378.91
365.06
371.59
379.72
364.32
358.09
384.5
381.78
382.1
374.01
373.57
379.93
384.6
375.56
366.1
376.98
360.11
377.98
363.75
374.85
371.97
378.79
373.94
382.0
379.98
393.54
366.45
363.96
382.03
358.98
360.24
353.29
356.86
374.36
367.29
370.99
371.59
377.91
365.82
367.05
370.81
382.99
381.79
367.62
367.79
353.78
370.99
383.98
357.35
384.38
374.16
384.06
370.69
369.55
384.5
358.82
354.87
372.55
365.32
360.84
360.89
367.62
390.5
387.71
367.49
372.91
384.66
350.92
361.12
354.01
357.02
367.97
377.28
362.34
377.37
353.73
372.01
397.24
341.83
359.12
362.32
377.37
358.23
375.02
381.9
361.93
383.86
350.64
373.51
377.75
380.66
378.05
371.69
374.23
375.0
371.67
390.12
375.69
358.03
372.15
381.99
381.64
369.93
378.38
349.54
376.28
376.64
379.37
370.41
361.64
365.89
378.5
347.01
