369.594
374.928
370.164
374.912
385.134
386.766
375.048
366.248
379.656
376.64
377.288
370.904
365.922
375.114
367.474
377.126
367.722
366.098
373.244
373.526
373.462
372.042
370.926
384.818
370.862
377.32
367.668
368.234
372.09
372.462
367.242
377.356
365.04
377.126
359.606
380.514
382.482
372.326
370.95
370.472
380.092
376.616
368.034
376.894
370.292
377.406
383.968
372.656
366.438
376.232
374.92
365.948
339.292
376.246
373.734
377.556
384.016
373.536
385.91
378.812
385.618
376.614
377.748
382.718
371.58
373.88
386.386
376.326
382.042
371.466
385.256
382.802
368.316
378.044
375.646
381.994
377.642
375.56
377.572
376.522
378.326
369.012
383.236
372.198
391.384
379.028
373.918
376.754
374.128
379.454
378.994
370.904
383.732
376.74
379.76
386.86
377.41
379.072
369.544
372.066
372.878
375.202
374.87
381.624
380.652
373.116
370.124
384.288
386.784
375.086
372.082
377.706
372.038
384.042
380.97
379.832
392.956
377.652
385.844
375.444
371.986
382.594
372.702
374.058
379.73
376.168
376.954
369.192
370.56
381.204
384.256
372.138
369.826
377.822
363.87
372.928
373.046
378.596
373.252
383.694
378.064
375.616
374.124
374.182
386.67
366.564
369.078
378.1
379.23
378.09
374.602
376.688
369.654
383.888
368.32
384.818
377.964
384.128
380.292
372.578
386.978
377.0
389.306
387.668
388.618
371.61
381.278
382.396
381.516
383.776
377.87
374.252
378.476
378.372
383.448
375.166
392.018
376.376
376.802
316.602
