382.75
375.53
377.95
392.83
398.56
396.44
383.37
379.15
391.96
394.25
373.98
365.12
361.03
374.66
357.22
373.72
372.2
369.48
359.18
372.37
365.77
371.7
360.08
382.78
360.85
379.11
377.34
370.42
374.61
358.53
399.02
363.84
367.88
372.34
340.29
379.57
390.72
363.31
366.38
361.18
398.94
378.69
363.13
361.92
394.02
378.68
382.65
376.99
365.16
377.85
379.29
384.74
348.83
372.26
374.99
357.8
392.19
378.0
393.0
384.92
380.69
384.6
382.97
393.51
380.0
383.31
388.0
366.59
383.14
380.0
380.0
376.78
366.95
395.47
383.59
375.34
392.04
378.97
363.93
387.6
364.56
364.29
395.99
372.52
391.98
395.8
379.87
380.99
387.74
368.46
388.0
385.99
399.51
375.89
377.0
392.11
383.99
369.5
354.31
363.73
380.01
377.72
369.99
370.76
394.91
380.46
373.86
386.9
380.99
371.79
385.92
382.93
391.42
385.28
386.99
393.82
396.68
389.29
397.99
373.98
362.99
390.35
386.66
364.91
374.83
369.58
367.13
378.27
360.02
402.47
391.12
375.7
376.97
375.9
355.27
369.88
386.0
373.98
357.98
382.18
376.44
383.99
372.74
379.17
390.0
362.3
369.63
356.86
382.48
363.3
374.06
389.93
370.62
377.18
368.59
394.56
366.65
385.76
385.53
366.85
388.08
377.0
392.9
397.28
385.42
386.28
374.28
383.99
394.99
395.99
392.98
365.73
377.79
386.21
399.97
381.9
391.6
399.9
399.46
337.0
