50.1
49.2
53.2
53.2
52.0
55.2
54.2
53.2
52.0
47.0
55.2
52.0
55.2
50.0
48.0
52.0
52.0
52.0
51.1
54.2
51.1
51.1
52.0
51.1
51.2
54.2
50.0
48.0
49.2
50.1
50.0
50.1
51.1
51.1
48.0
53.2
53.2
48.0
52.1
55.3
50.0
55.2
49.2
51.1
52.1
54.2
52.0
57.1
50.0
51.2
56.0
50.1
50.0
55.2
53.2
53.2
55.2
48.0
49.2
54.2
55.2
48.0
50.0
52.0
53.2
46.1
49.2
52.0
51.1
55.2
52.0
49.2
51.1
55.2
53.2
53.2
53.2
52.0
53.2
47.1
51.1
53.2
52.0
51.1
52.0
50.0
49.2
51.1
48.0
52.0
49.2
53.2
54.2
49.2
54.2
51.1
53.2
54.2
56.0
50.0
52.0
55.2
51.1
52.0
52.0
51.1
48.0
49.2
52.0
52.0
53.2
50.0
49.2
53.2
46.1
52.0
51.1
52.0
49.2
51.1
