6.87
4.20
6.75
9.81
1.19
7.65
4.54
5.85
4.92
1.32
6.74
6.25
2.94
2.80
3.65
7.26
6.89
3.60
4.37
7.92
1.86
3.78
7.54
5.59
5.48
2.80
4.47
7.58
4.79
6.23
6.35
3.51
8.49
4.79
2.34
4.95
6.45
7.66
5.20
3.67
6.12
6.55
6.00
6.01
3.94
5.90
6.28
1.76
2.19
6.90
6.98
7.86
4.86
4.02
3.65
0.93
8.32
6.23
3.84
6.62
5.79
5.06
5.68
2.95
8.41
3.83
5.44
4.69
6.01
5.09
6.21
5.18
4.26
4.38
6.99
6.99
6.62
5.28
6.50
4.10
4.15
2.92
5.63
6.22
2.25
2.94
8.38
5.25
4.88
6.81
3.68
5.97
5.29
3.31
9.02
5.25
7.50
2.73
9.18
2.33
6.92
6.87
2.26
4.12
2.15
5.29
0.87
11.4
4.01
8.05
6.70
4.82
6.03
3.63
5.78
6.45
4.80
2.33
5.96
5.71
