4.34
5.12
5.06
6.15
1.82
5.63
3.40
4.65
6.11
2.61
4.51
4.00
5.97
3.19
7.74
3.64
4.30
6.19
7.24
4.11
3.29
5.73
4.75
6.65
5.11
6.48
11.0
4.97
5.65
4.12
2.24
7.45
6.51
3.10
5.33
7.20
5.56
4.59
4.80
2.95
6.81
6.55
3.23
7.55
5.82
4.97
6.31
4.53
6.79
7.94
7.20
6.57
5.81
5.66
8.48
4.04
3.98
3.09
4.88
3.10
5.52
5.91
7.43
8.18
7.35
4.79
6.14
4.03
7.28
5.20
5.82
5.48
4.54
7.08
4.91
3.75
2.74
5.28
5.28
6.86
4.51
2.91
3.10
4.98
5.71
4.93
4.68
6.37
7.51
5.52
4.85
3.97
5.61
8.41
6.55
6.04
5.16
2.98
5.99
6.66
3.30
0.24
2.22
5.13
6.80
5.39
6.69
5.00
7.55
4.66
1.56
6.16
2.31
2.69
1.02
6.28
6.75
3.48
3.64
5.86
