3.01
2.40
3.68
7.42
5.72
2.06
6.20
6.56
7.29
7.33
7.48
4.91
6.70
6.54
7.92
5.35
4.30
4.22
5.63
4.18
2.84
2.10
5.83
7.22
4.17
2.54
2.16
7.46
4.37
9.12
5.21
4.59
8.05
5.96
5.24
5.96
4.48
7.63
5.85
4.84
3.60
6.85
6.96
3.89
5.19
2.80
3.52
3.03
2.50
4.30
6.04
4.19
5.98
0.39
3.75
6.20
4.14
6.54
1.71
4.62
7.07
2.21
3.01
4.27
2.04
2.45
6.95
2.53
3.78
2.47
6.33
3.48
4.80
7.87
4.22
8.70
2.95
6.25
4.38
3.99
0.97
7.46
4.60
4.19
7.14
3.02
6.25
6.23
3.64
6.96
4.74
5.92
7.37
9.06
1.80
3.53
5.94
5.32
3.93
4.71
4.75
6.77
0.13
6.12
7.07
3.40
6.58
4.04
5.37
0.98
6.48
2.29
6.51
2.03
6.81
6.67
4.46
3.65
3.50
3.94
