4.89
1.98
3.89
8.45
1.42
5.94
5.58
4.81
2.39
4.15
5.29
3.83
6.35
6.05
7.37
6.36
9.53
4.61
6.02
4.29
5.58
6.49
4.18
4.89
5.79
4.80
4.64
8.62
4.91
7.53
3.36
5.36
7.30
6.42
5.98
6.36
5.85
5.94
3.68
6.09
8.54
4.84
7.29
7.39
6.55
0.87
5.67
5.88
6.57
3.35
4.00
2.68
4.91
6.59
5.50
5.50
2.77
6.74
2.68
5.87
6.59
2.63
1.63
4.50
6.37
7.37
5.68
5.92
9.68
5.95
5.52
6.83
3.73
7.46
3.59
6.21
6.61
4.81
5.06
3.99
6.70
7.12
5.11
3.34
1.96
8.32
5.28
6.56
6.83
6.53
2.45
4.61
6.24
4.20
3.47
4.01
2.78
7.97
4.44
6.84
5.54
4.13
6.75
5.87
5.97
7.19
2.23
8.25
5.40
5.85
3.57
2.37
1.82
5.14
9.07
5.70
5.69
3.35
6.99
5.29
