1.48
5.34
1.93
6.74
6.80
8.47
4.66
2.79
1.52
4.13
7.63
4.04
4.41
6.49
5.59
6.19
2.37
6.45
5.82
5.11
2.92
5.48
7.46
3.58
3.82
3.40
3.89
1.58
5.17
3.77
6.26
0.65
8.13
3.93
4.69
3.55
3.11
6.49
6.43
6.98
6.09
8.40
4.23
11.3
6.59
6.70
4.36
2.88
5.43
6.09
4.69
6.06
5.19
5.46
7.59
2.83
5.42
4.16
5.94
5.02
2.15
3.11
7.94
3.18
4.46
4.57
5.78
3.45
6.11
3.22
5.32
6.85
5.87
4.40
5.74
9.66
2.21
2.47
6.75
7.94
5.84
5.56
4.05
1.63
6.02
2.37
7.51
6.73
5.54
5.60
5.74
1.14
5.61
4.25
4.94
2.58
5.23
6.42
6.32
5.20
6.42
7.87
6.46
6.53
8.88
7.60
2.90
7.98
4.32
2.64
8.48
3.95
1.41
3.12
7.96
3.95
6.27
4.72
3.41
3.32
