4.69
4.55
0.95
4.82
5.48
3.02
4.62
5.11
5.67
5.17
3.82
6.75
6.61
5.94
7.21
7.88
3.25
6.20
7.24
3.04
6.30
3.50
8.52
6.85
5.28
7.86
5.88
2.59
7.28
5.43
4.82
4.20
8.13
5.40
0.69
7.83
6.83
5.87
5.13
7.23
6.32
7.33
4.58
5.14
2.29
3.67
3.99
4.22
10.8
5.20
4.52
9.18
3.69
0.55
4.08
6.97
1.44
1.59
5.30
1.91
8.30
6.63
9.59
7.92
9.27
2.52
4.23
4.62
2.39
4.79
6.37
5.27
6.46
6.67
4.31
3.72
6.60
6.69
4.38
1.72
5.06
5.71
5.75
4.22
5.26
6.21
7.72
3.98
2.94
3.16
4.30
8.03
4.47
3.16
1.81
6.26
5.23
6.50
7.18
4.34
1.01
3.95
2.28
4.51
4.26
5.64
3.98
2.16
5.43
3.55
5.45
4.59
8.42
1.14
6.92
1.43
7.61
4.92
7.77
5.83
