7.71
3.06
6.22
6.47
7.02
6.23
3.47
3.47
7.15
6.57
7.12
5.45
3.95
6.74
6.03
3.37
5.89
4.02
8.43
5.46
3.39
6.72
5.11
1.36
3.17
5.01
6.19
8.08
5.12
3.84
1.13
3.28
2.95
5.53
9.84
4.32
5.04
6.60
3.74
7.52
2.43
3.91
4.41
5.16
5.92
0.56
8.23
4.75
8.89
6.24
3.19
7.52
5.28
5.50
9.60
4.50
3.14
0.94
8.10
7.23
5.90
4.93
5.72
3.11
5.73
5.47
4.28
7.36
4.29
5.92
0.83
5.25
2.73
1.57
4.12
5.77
1.32
8.14
5.61
7.98
5.26
4.94
3.97
3.86
7.85
7.50
3.21
4.90
7.76
1.96
7.04
6.71
8.92
3.54
5.22
6.46
6.50
2.40
8.55
5.16
6.46
6.70
6.23
2.98
4.50
3.13
6.46
5.73
5.76
6.59
9.51
6.01
3.13
5.84
2.56
5.47
5.25
6.12
6.66
6.83
