5.17
5.36
7.28
8.12
6.64
4.54
6.03
2.33
4.09
6.53
4.79
4.72
8.71
3.09
6.85
6.40
2.20
5.02
4.98
3.57
7.28
2.15
4.70
3.60
6.58
4.51
3.22
4.24
5.32
4.98
5.06
6.98
7.08
3.26
5.16
1.89
5.03
4.96
4.35
1.60
4.43
4.46
4.75
5.94
4.64
8.62
3.60
2.55
4.84
5.33
0.86
5.00
1.42
7.09
3.58
5.53
2.16
3.13
8.63
4.75
7.48
5.08
0.11
3.69
5.88
6.40
3.52
6.28
9.16
3.43
6.99
7.22
4.03
4.59
4.25
2.21
2.93
3.81
3.65
7.51
8.31
6.39
1.92
3.95
1.36
2.94
6.57
8.23
6.16
5.42
1.38
6.50
7.60
4.48
3.71
2.35
3.16
5.11
4.76
4.87
4.37
6.82
1.69
5.28
5.80
8.55
5.16
4.60
10.0
2.96
5.82
1.02
3.06
6.23
5.26
5.18
2.99
3.01
2.90
2.14
