8.42
0.24
3.98
6.54
2.42
3.88
3.15
2.94
5.30
3.51
0.13
6.41
4.39
6.01
2.72
1.66
4.72
4.36
5.13
6.24
5.72
6.63
7.22
4.77
1.56
8.58
6.50
6.84
7.38
3.57
2.64
4.32
4.20
5.99
6.34
0.89
5.65
7.08
5.64
6.77
3.35
8.51
4.59
5.41
8.27
6.79
5.28
6.45
1.67
1.08
8.29
5.09
7.31
2.38
4.35
6.37
6.12
5.76
8.45
7.43
1.17
6.37
5.79
3.42
8.76
2.48
6.92
4.77
5.99
3.39
0.80
3.58
4.80
2.12
5.97
6.34
7.65
7.50
6.30
8.64
7.95
5.87
4.68
5.89
1.71
6.45
4.05
2.78
4.73
6.87
3.52
5.05
4.69
4.62
8.26
6.69
6.13
3.38
4.21
7.29
3.22
5.97
2.87
4.86
4.41
4.69
5.30
6.03
4.55
2.55
8.28
2.56
1.84
5.27
1.60
6.48
9.66
4.69
1.64
3.64
