6.19
7.99
3.25
6.25
6.92
9.01
6.18
5.87
2.71
4.96
7.58
3.58
3.76
5.25
8.07
3.84
2.82
4.34
4.96
9.47
3.49
2.11
6.46
3.61
4.01
6.67
0.85
5.26
5.98
3.09
5.39
6.88
3.67
0.52
4.99
7.94
3.12
6.54
5.46
4.80
5.82
5.27
5.01
3.00
6.01
5.31
7.29
2.94
6.30
2.11
4.25
7.33
4.52
5.89
4.06
3.24
5.87
4.23
6.81
6.11
7.73
5.30
2.50
5.31
5.38
5.14
1.92
6.43
1.75
3.24
4.14
4.40
7.34
10.0
7.63
4.82
1.98
7.65
6.47
2.37
5.45
4.76
2.24
7.29
2.27
2.07
5.34
6.75
5.18
3.31
3.78
5.48
4.47
6.44
3.41
5.70
7.05
3.19
7.70
3.93
4.74
5.46
2.19
9.57
5.02
4.48
4.44
8.87
10.2
5.83
5.35
6.20
3.89
6.42
5.21
6.56
4.99
5.59
3.91
6.03
