3.86
7.20
2.83
5.54
4.04
5.58
5.45
3.00
4.76
4.57
6.01
3.06
2.68
4.65
2.16
4.31
4.85
3.18
3.51
5.02
4.54
3.33
2.19
4.38
5.05
7.98
5.18
4.34
5.28
8.28
4.06
4.53
5.20
9.04
7.99
6.78
4.86
2.77
6.52
2.82
3.40
2.84
4.15
3.01
4.05
3.84
5.65
4.34
6.26
8.47
4.13
2.53
5.01
6.02
5.23
3.84
4.34
3.61
4.63
6.74
5.60
2.05
3.93
9.22
3.87
4.72
3.03
5.40
5.24
7.50
9.01
4.94
5.66
3.59
6.45
4.28
3.36
2.71
5.04
4.90
7.44
6.77
8.47
5.69
4.38
1.58
4.61
9.49
8.36
4.01
3.69
0.85
7.27
5.62
8.01
5.66
3.30
3.36
6.53
2.55
3.05
7.97
3.14
7.31
3.19
4.19
3.03
3.47
7.18
6.50
5.98
1.78
7.38
5.41
4.67
5.16
6.92
5.88
4.93
3.62
