3.31
6.32
6.90
5.50
4.66
7.52
5.27
4.55
3.21
4.58
5.12
5.00
7.50
3.01
5.12
4.07
7.32
2.73
4.34
2.11
5.64
0.46
3.12
3.77
4.63
4.07
5.18
4.67
3.61
3.57
8.22
3.71
3.42
2.46
6.44
5.18
6.55
0.19
4.22
6.88
7.81
7.45
5.77
3.48
3.58
6.39
4.70
6.19
5.66
5.07
4.46
5.68
4.16
3.99
1.88
6.62
8.37
9.26
4.82
3.22
5.57
6.78
7.27
9.17
4.65
8.60
4.86
6.91
2.78
4.45
6.76
4.51
3.80
4.57
4.44
2.82
5.71
4.15
4.43
3.05
4.20
4.89
5.03
4.62
3.63
4.65
7.06
5.07
2.02
4.71
2.66
10.1
7.32
5.71
4.12
5.19
6.01
5.69
1.05
5.37
6.92
5.20
4.34
8.14
4.62
5.31
5.97
4.42
2.32
7.82
8.19
5.15
4.80
4.59
3.66
6.00
1.69
5.43
4.60
4.38
