4.73
4.71
4.91
6.64
6.05
3.69
6.41
1.09
4.59
3.66
5.43
3.69
1.56
1.94
3.19
3.72
5.75
7.01
5.89
4.29
6.18
9.91
3.02
5.58
1.82
6.09
5.42
2.62
3.83
5.44
1.93
7.38
4.34
3.89
7.68
5.15
5.27
8.14
6.08
5.26
5.59
5.81
4.52
3.02
4.04
2.17
5.05
5.73
2.52
4.59
3.99
7.00
1.85
4.98
9.39
6.18
6.76
4.80
5.15
5.59
5.45
4.30
7.18
3.19
1.21
6.48
7.66
5.62
5.57
3.96
5.85
0.67
6.25
4.88
4.91
5.85
6.32
6.25
4.24
5.46
3.27
3.61
0.12
4.82
4.26
9.87
2.57
3.09
4.03
1.41
2.12
2.33
4.63
1.88
5.25
6.36
5.27
3.21
2.49
6.10
3.75
4.19
6.93
6.08
1.86
3.70
3.66
7.11
3.03
8.32
4.50
4.66
3.16
6.17
3.77
3.18
6.06
7.32
3.06
4.04
