2.53
4.66
5.25
8.33
4.03
5.87
2.22
4.64
4.58
3.44
0.19
3.26
3.80
8.89
5.85
4.23
6.90
4.95
5.59
5.74
8.02
5.09
6.80
5.59
5.32
2.51
5.69
5.71
6.03
7.61
6.03
5.64
7.47
5.85
2.79
8.92
3.88
5.08
5.37
7.33
2.95
1.93
4.85
4.94
7.31
4.74
6.17
6.85
4.19
9.70
7.35
7.94
6.18
6.66
6.22
5.14
6.81
4.30
6.95
4.51
4.51
1.78
4.32
4.60
3.08
5.89
6.05
4.60
8.06
2.41
9.81
7.66
4.54
5.83
2.99
3.87
2.67
3.24
6.28
6.89
3.65
9.08
5.41
5.12
0.57
6.11
3.70
7.11
0.85
4.79
5.42
6.33
5.49
5.03
5.35
3.41
3.58
6.61
8.68
7.07
4.26
4.40
7.65
4.50
5.04
6.74
2.69
6.35
4.51
8.15
7.21
3.79
6.98
8.43
10.2
5.48
2.26
6.86
4.77
4.93
