9.42
4.77
6.44
2.99
3.36
3.93
8.38
4.59
6.28
4.14
3.72
0.70
3.16
4.14
5.47
4.06
2.90
7.20
5.48
0.83
4.95
8.15
4.57
5.04
7.47
1.25
2.60
4.09
2.68
5.62
7.91
1.71
7.21
0.20
7.00
6.76
5.88
6.74
3.35
5.63
2.53
8.21
4.89
3.68
4.45
1.47
4.86
3.44
9.65
9.48
5.74
6.18
7.09
7.50
5.07
3.35
5.82
5.03
4.54
7.06
2.64
5.67
9.74
2.23
8.15
5.37
3.59
3.84
3.61
3.56
4.85
7.46
7.96
3.89
6.06
7.72
5.71
7.20
6.05
5.19
9.07
3.53
6.50
5.12
4.48
5.59
4.70
5.94
3.64
0.37
6.52
3.98
6.65
7.57
6.27
5.71
3.72
3.18
0.86
5.02
11.9
8.77
5.57
3.15
4.88
2.17
6.56
6.87
4.22
4.73
5.58
2.06
3.40
4.55
3.44
7.78
5.10
6.00
5.41
3.67
