4.46
7.76
5.16
1.66
11.5
2.86
0.78
7.92
5.69
8.53
5.43
3.96
3.28
6.19
5.18
8.55
7.29
4.30
1.05
0.57
4.06
4.17
7.59
6.01
4.33
4.72
5.00
3.37
5.16
7.82
3.64
4.49
10.8
5.05
7.59
4.24
9.09
1.86
7.86
5.93
1.69
1.78
4.22
3.38
4.53
9.42
6.08
5.16
6.82
3.89
3.99
1.62
7.08
3.27
3.47
5.98
2.51
5.04
6.89
7.65
3.79
4.31
3.03
6.78
4.20
8.80
7.26
5.62
6.64
7.03
6.80
5.84
7.03
6.74
6.60
6.71
5.10
2.27
2.59
6.35
1.73
7.09
4.45
5.32
4.51
2.43
3.28
1.35
4.67
6.11
2.04
3.35
2.27
4.58
5.38
3.46
0.62
4.91
0.78
7.21
7.91
4.06
4.79
7.48
10.2
6.19
3.15
7.80
2.54
6.27
8.13
8.44
8.25
1.68
3.97
8.29
1.64
1.95
4.23
5.80
