1.52
4.76
5.09
4.82
6.24
4.04
5.41
1.07
5.04
5.24
0.03
6.17
5.04
6.62
3.67
4.61
5.20
5.54
6.34
0.80
5.41
5.65
2.30
6.57
4.03
2.65
0.15
3.39
3.08
6.11
6.22
2.67
5.12
6.38
8.58
6.42
5.58
4.05
7.22
3.73
8.29
3.69
3.94
7.13
3.65
1.89
5.33
5.93
7.68
5.23
8.55
1.27
6.41
2.62
9.88
8.40
5.29
3.36
6.70
4.34
2.49
8.62
8.67
5.49
7.12
6.03
1.55
6.20
6.39
3.46
4.18
7.03
5.04
8.01
6.49
3.86
3.52
2.43
5.42
6.42
4.96
7.21
5.08
4.37
5.36
2.29
8.24
5.60
0.09
5.16
7.75
2.11
1.53
2.40
1.97
2.61
6.00
5.32
6.42
4.77
7.14
4.04
8.14
9.40
7.61
6.85
4.17
7.00
4.35
8.97
3.35
2.71
5.39
0.75
3.70
3.15
7.13
5.75
7.11
3.86
