3.23
5.04
5.33
5.88
6.95
7.72
3.06
4.84
10.6
4.30
3.02
4.08
5.32
4.38
4.72
6.50
2.73
5.53
5.85
3.10
5.18
4.40
3.77
3.35
5.99
4.12
6.31
5.60
2.84
3.50
3.44
1.83
4.62
6.40
6.04
4.12
5.44
7.57
5.42
3.58
2.19
3.08
6.47
6.31
6.26
4.75
3.98
5.09
2.10
3.88
7.85
3.79
6.59
6.77
4.00
4.41
4.54
3.61
3.95
4.37
3.48
5.01
6.58
5.43
5.10
3.50
4.11
4.48
6.51
5.41
7.16
3.31
8.13
7.94
6.96
1.15
3.11
6.08
8.50
5.18
6.07
5.10
2.01
3.18
3.98
6.18
3.32
4.52
7.82
6.54
5.03
5.74
6.49
0.41
3.39
9.39
5.76
4.30
4.08
4.16
6.91
3.63
6.90
7.11
8.08
8.76
2.96
6.42
4.90
4.64
5.39
0.25
0.11
4.41
5.01
8.17
5.41
7.87
6.55
1.72
