4.40
0.99
9.82
5.77
7.02
1.50
3.20
6.77
4.10
6.97
3.53
2.17
1.89
2.59
2.70
6.98
9.99
5.05
5.61
5.21
5.19
5.51
7.15
8.49
5.17
4.16
5.58
3.18
3.92
4.90
7.11
3.97
1.64
4.55
9.18
4.35
8.79
6.63
4.20
5.68
8.80
7.70
2.12
9.87
4.39
7.14
4.19
8.60
6.72
5.49
2.27
5.29
3.27
6.31
5.29
5.58
3.32
5.00
5.04
2.99
6.47
6.13
3.68
7.36
6.08
4.96
6.10
4.01
3.98
2.34
6.44
5.68
5.87
3.10
2.40
6.42
2.86
7.43
3.41
2.21
6.98
3.69
3.38
4.38
8.10
4.85
5.58
1.44
6.78
4.49
5.08
5.38
4.80
4.78
6.69
3.35
1.04
4.92
2.14
6.34
4.78
3.17
3.68
4.78
8.53
6.35
5.83
6.15
6.22
3.19
3.75
7.49
7.68
7.38
4.95
5.88
4.62
3.87
5.01
2.12
