6.30
4.84
5.48
10.8
4.79
2.94
2.73
5.19
6.93
4.79
7.35
7.22
7.50
5.52
3.05
6.07
4.62
3.71
5.38
2.37
7.03
0.79
6.66
2.58
1.90
4.94
4.73
5.80
5.36
2.31
4.96
3.23
5.56
6.58
8.05
3.24
4.00
5.84
4.75
0.72
4.97
3.07
3.22
2.01
5.82
5.69
5.78
3.69
4.07
6.19
2.65
6.95
8.39
6.67
5.33
8.96
3.25
3.85
3.39
1.07
3.58
7.02
8.28
2.93
3.01
6.04
3.46
4.86
6.66
4.24
5.84
5.61
7.67
1.62
5.60
7.17
5.31
2.64
6.86
4.70
6.13
1.17
3.09
2.21
5.71
2.14
4.67
3.38
7.71
7.34
4.23
7.66
6.20
5.29
1.03
3.52
4.02
3.17
5.01
5.03
4.62
6.99
1.91
5.92
3.31
2.14
4.64
5.83
6.90
5.27
5.53
10.7
5.31
5.97
5.43
8.10
7.63
7.90
2.85
6.10
