4.74
5.11
5.79
2.78
5.72
6.83
1.80
6.05
3.85
6.59
5.14
7.59
3.50
4.52
6.08
1.71
2.12
8.54
4.68
4.10
2.43
3.34
6.23
0.67
4.77
4.85
2.96
4.35
1.19
2.74
7.65
3.86
5.89
4.57
5.25
6.66
7.41
4.06
5.93
3.28
5.20
2.88
3.79
5.59
3.65
9.68
6.25
5.20
3.70
4.89
4.69
4.49
3.79
8.13
5.76
4.84
2.08
8.32
4.60
3.84
5.65
6.00
5.01
4.42
6.45
5.81
5.71
6.33
3.69
3.67
3.52
4.29
11.5
7.68
6.61
7.21
7.90
5.34
5.63
5.06
5.47
7.61
7.88
8.58
5.30
2.52
2.94
4.69
3.79
0.62
0.47
8.79
6.72
5.03
2.70
3.36
3.20
1.11
5.28
6.22
4.14
3.98
5.57
1.49
5.35
5.83
5.84
5.16
2.95
3.80
1.27
5.68
7.12
6.42
4.19
0.53
4.44
5.84
3.75
5.43
