4.15
5.81
6.98
6.07
5.17
6.92
4.17
4.39
9.86
0.42
4.76
5.45
0.66
3.73
5.84
2.55
8.10
4.21
4.33
4.27
7.79
2.11
5.30
6.37
7.47
5.59
5.09
4.52
5.36
8.01
7.29
6.44
5.13
3.75
7.48
7.58
4.37
3.73
1.81
3.82
4.85
7.38
2.46
3.85
6.85
2.69
6.27
2.70
0.05
3.79
6.19
1.53
5.69
4.50
3.14
7.23
9.12
4.41
5.79
3.49
4.66
3.68
5.59
4.71
6.35
6.17
2.94
4.57
2.73
2.50
3.35
0.59
5.63
6.61
4.55
3.01
4.84
3.60
6.02
6.81
1.65
7.00
6.52
4.65
3.17
6.81
6.48
2.81
3.12
6.95
4.69
2.44
3.78
2.90
3.88
1.83
1.67
3.47
3.56
3.58
0.99
7.10
4.83
2.77
6.99
4.26
3.99
4.40
5.67
3.74
6.83
3.66
3.90
5.54
7.43
6.25
4.32
6.18
3.43
6.28
