6.56
5.93
2.22
3.66
5.04
2.41
6.65
5.14
6.76
6.67
8.11
2.71
3.41
4.38
2.74
4.64
0.76
5.38
6.68
2.25
4.37
4.79
5.81
4.38
0.20
6.85
2.94
1.88
5.16
3.89
6.07
3.76
8.87
6.34
2.78
6.45
6.06
6.00
3.65
4.89
5.47
5.05
6.87
7.08
4.64
4.11
7.69
3.69
3.51
3.91
5.56
5.16
4.22
5.19
6.52
6.02
2.64
6.51
7.73
0.70
3.24
3.39
8.41
7.23
2.33
6.42
2.95
3.01
5.36
7.10
8.72
4.89
7.41
7.88
3.03
4.00
0.23
4.18
5.02
5.01
7.86
3.71
2.53
8.33
5.69
5.98
3.92
8.02
4.93
1.75
4.28
4.08
0.44
3.54
5.81
1.33
5.05
8.64
5.25
3.69
3.93
4.34
4.67
2.51
4.76
7.35
8.53
3.26
2.05
3.90
3.08
5.87
3.39
4.67
4.24
4.41
4.93
5.82
2.98
5.05
