6.74
5.26
4.39
7.66
7.18
4.75
3.52
6.48
5.45
4.78
1.74
3.04
5.83
5.54
2.94
4.19
2.59
0.68
7.01
2.34
9.12
6.37
8.38
4.49
2.29
5.24
7.64
8.03
4.74
5.02
8.28
4.23
6.24
5.27
5.91
6.03
7.16
4.51
0.08
7.02
5.41
4.86
8.13
8.09
7.56
4.89
6.66
1.67
7.21
6.21
4.69
0.74
4.23
6.87
5.03
2.26
4.05
4.19
4.76
6.13
4.37
6.70
1.83
7.00
5.02
5.49
7.18
5.73
5.10
6.44
5.49
2.93
1.72
3.75
6.17
6.70
7.64
5.84
0.15
5.33
8.51
6.12
1.92
7.09
2.62
5.38
2.77
4.30
3.19
4.60
5.04
2.72
0.19
7.61
2.98
6.67
2.76
3.38
8.17
4.92
1.75
7.59
3.15
2.95
7.51
3.59
2.40
3.63
3.09
3.88
1.83
0.90
6.02
6.17
3.78
6.21
3.95
5.08
5.46
3.62
