4.87
5.00
4.43
2.26
8.61
5.48
7.53
2.92
3.62
6.12
6.31
0.84
6.14
4.08
2.93
3.60
3.61
5.00
8.70
4.04
3.63
7.20
8.29
3.55
8.02
3.29
1.80
2.61
5.96
8.66
7.54
7.53
3.75
4.08
2.71
5.79
3.88
5.36
5.38
6.82
2.01
5.47
0.82
3.85
4.38
7.51
5.33
3.47
3.58
5.05
4.29
4.36
7.64
1.40
3.50
5.14
6.74
7.48
5.51
3.87
5.22
5.95
4.15
4.59
3.92
8.61
4.43
3.74
4.41
3.16
1.75
4.93
5.69
5.64
7.25
5.58
2.11
4.02
5.24
2.47
1.26
1.17
5.88
6.09
2.98
5.31
4.87
2.65
4.00
2.20
7.36
3.23
7.91
8.17
6.22
8.31
6.50
7.18
7.02
8.50
4.40
3.39
3.91
7.75
3.82
4.27
7.27
6.98
4.53
8.62
7.09
2.80
4.39
5.02
2.48
0.93
3.08
4.46
3.24
6.46
