4.71
4.01
1.67
7.26
2.38
3.80
1.84
5.23
7.33
5.68
4.88
4.63
3.21
6.38
11.1
8.33
4.52
6.77
0.91
7.06
6.92
5.36
4.97
3.01
5.90
4.58
6.83
8.29
5.60
9.30
9.93
6.11
2.28
2.92
6.37
5.39
5.42
4.42
3.48
6.76
8.39
7.76
5.59
11.8
5.42
3.48
2.20
6.47
7.55
3.96
9.04
8.10
1.61
3.89
7.37
7.49
3.63
5.25
3.25
7.49
2.16
1.95
3.18
5.22
5.18
3.88
3.16
4.47
5.84
3.80
4.65
3.50
7.60
6.32
5.04
4.45
1.47
7.37
7.20
7.79
6.36
7.30
6.17
6.30
11.3
7.56
5.78
5.61
1.61
7.25
7.37
6.56
7.51
1.72
1.06
3.17
4.71
4.47
5.57
6.67
6.58
5.42
4.37
8.72
5.22
4.61
4.70
2.77
7.49
5.07
5.43
5.49
5.02
7.51
4.08
3.33
6.85
4.48
7.50
6.20
