4.39
6.18
2.27
6.97
5.66
8.61
3.67
5.26
3.95
2.11
5.35
6.27
3.41
3.71
5.45
3.68
6.53
7.90
6.50
4.51
4.97
6.49
5.03
6.55
2.92
7.64
5.63
4.98
7.02
5.11
6.50
4.87
6.98
5.02
3.32
4.26
6.60
5.77
9.58
5.06
1.88
5.55
1.39
5.59
6.69
5.98
5.72
4.02
4.27
4.51
3.02
5.48
5.19
5.40
4.16
5.50
5.13
5.42
5.86
3.14
3.01
3.62
5.97
4.09
0.11
4.98
5.51
2.97
5.12
5.24
3.76
5.08
2.45
5.10
5.13
2.00
8.09
2.86
5.81
8.50
4.52
4.51
2.22
6.11
4.71
3.03
9.12
2.29
5.78
4.79
4.92
3.57
1.72
8.40
6.84
4.59
11.2
7.38
3.38
2.32
6.74
4.93
2.89
4.72
5.58
2.92
5.84
8.20
6.74
4.98
3.03
5.81
7.26
7.52
6.12
7.12
7.80
4.74
6.47
3.24
