6.57
5.42
3.34
4.91
8.25
7.95
4.27
3.88
1.65
7.11
2.34
2.58
5.84
0.79
4.56
5.29
5.24
2.74
6.50
4.45
8.26
2.85
1.56
7.76
4.30
4.62
3.65
4.70
7.50
2.96
3.77
8.74
7.32
4.86
4.29
3.74
6.73
6.40
5.96
6.29
6.99
4.90
4.90
6.11
5.04
5.98
6.33
2.92
4.05
4.60
5.92
10.5
4.08
4.92
1.84
6.12
5.80
6.16
5.53
5.82
8.03
6.26
5.91
3.74
6.42
4.94
4.49
2.68
2.35
5.97
3.77
4.23
4.22
4.67
2.12
3.74
7.69
7.31
5.27
4.93
6.60
5.17
5.04
5.13
4.57
3.06
6.34
2.94
10.1
2.37
1.82
4.74
4.77
4.75
8.01
3.64
8.55
5.73
4.71
5.95
7.80
5.50
1.94
5.37
2.38
2.84
6.70
5.70
6.69
5.48
3.46
6.03
6.14
6.45
3.19
8.20
5.42
6.58
5.63
5.41
