5.13
4.28
5.59
5.40
3.25
4.65
3.98
5.98
2.11
8.22
7.94
2.94
6.32
4.49
5.18
5.22
2.56
4.55
4.98
6.83
6.24
4.28
5.90
1.13
3.93
3.80
6.92
5.06
6.97
0.85
3.89
4.95
6.19
8.14
6.24
5.81
2.42
7.40
3.36
3.42
7.80
5.33
3.55
1.86
1.16
4.46
3.27
2.20
4.25
5.54
7.74
4.36
5.73
5.98
4.31
3.17
5.03
2.09
5.00
3.25
2.03
6.31
7.89
6.68
4.01
0.72
1.74
5.45
5.30
7.44
7.35
0.51
5.17
5.88
6.41
4.65
8.51
6.10
8.71
7.21
8.95
6.21
9.43
2.17
6.28
2.74
5.61
6.50
3.04
3.26
4.86
6.03
4.21
4.60
3.94
3.71
4.93
3.39
6.36
5.75
5.09
4.61
5.47
3.62
6.35
3.79
3.02
0.11
7.12
3.33
5.78
1.58
5.11
2.77
4.29
7.06
6.64
6.56
3.27
6.24
