0.79
3.71
6.04
2.73
5.95
8.16
4.88
6.82
2.70
4.17
4.67
4.08
3.99
4.69
9.11
6.54
4.76
7.24
8.67
4.49
3.57
6.16
6.92
3.47
0.83
2.66
1.70
2.98
9.23
4.91
4.79
2.96
3.05
4.38
0.72
2.38
1.57
3.23
6.07
9.75
2.51
5.14
6.61
10.9
7.00
3.91
3.77
8.85
3.07
4.55
6.98
6.34
5.47
5.84
0.85
2.49
4.72
5.61
6.02
4.28
6.67
5.61
4.48
1.67
4.97
6.56
7.88
7.82
6.73
5.50
6.19
0.11
2.73
4.87
4.11
9.83
4.55
3.03
5.01
7.52
3.58
7.20
6.87
3.38
5.49
8.39
5.89
5.80
5.19
9.04
4.91
4.95
5.20
7.39
2.46
1.50
8.17
2.06
7.04
3.15
5.96
7.86
4.03
1.51
3.03
4.20
7.01
5.82
5.02
3.18
4.09
6.10
5.80
9.03
3.77
4.36
8.04
8.32
4.09
5.09
