4.76
2.33
1.53
4.70
5.95
7.74
4.57
6.52
2.65
1.84
1.87
6.85
5.91
6.64
6.31
6.46
4.93
1.62
4.04
2.90
6.70
6.80
3.15
6.24
4.67
8.80
6.81
2.16
2.50
3.36
7.13
6.50
5.46
7.73
5.55
7.79
4.81
6.11
5.97
3.68
0.54
4.95
3.49
4.65
3.32
3.08
6.11
4.43
1.81
6.21
3.29
6.55
6.25
5.40
7.27
5.97
6.30
4.52
2.88
3.35
6.23
3.74
7.50
6.48
7.78
11.9
0.54
4.52
6.02
4.55
4.44
9.16
6.39
6.70
6.49
4.09
4.30
3.50
5.68
5.33
2.79
2.95
1.96
6.96
3.19
7.35
4.20
5.16
6.10
5.98
5.57
4.15
4.49
4.04
5.85
6.19
10.7
9.85
3.37
3.15
3.90
6.95
3.94
4.47
1.82
2.37
0.40
2.67
8.67
7.25
5.94
6.98
6.14
5.19
4.34
2.42
4.29
9.03
5.00
8.46
