5.70
7.41
3.31
3.54
3.40
3.76
9.44
3.28
7.69
3.70
5.38
4.37
2.92
9.51
4.30
4.17
3.27
5.96
7.73
7.24
4.12
4.98
2.82
5.22
4.88
4.78
3.17
6.31
3.59
4.61
4.39
5.33
4.01
4.44
5.10
1.60
4.87
3.92
6.18
4.34
8.16
7.86
6.16
5.02
6.50
5.33
4.41
3.16
1.68
4.50
2.75
4.14
6.95
3.59
8.97
4.83
5.31
6.83
0.03
2.87
3.83
4.02
5.37
6.07
2.94
4.75
4.82
4.63
1.64
3.72
8.39
8.31
0.28
2.20
6.16
7.89
3.93
6.21
8.83
4.04
2.93
3.23
4.85
6.26
6.32
2.51
4.04
4.79
7.29
2.43
5.86
6.16
5.92
7.64
2.96
5.90
5.27
1.88
5.74
5.33
3.54
6.13
2.96
5.92
4.10
7.25
6.06
2.09
6.26
7.84
2.62
4.95
6.09
4.52
6.42
6.60
7.30
2.90
5.71
7.35
