6.09
5.90
4.19
6.87
6.89
3.47
3.78
5.35
4.53
5.00
3.50
5.94
7.37
4.55
3.90
5.23
6.05
4.58
5.27
6.00
3.18
5.30
4.84
3.34
4.77
6.82
6.98
3.17
6.03
7.34
5.26
5.81
3.01
1.46
5.10
5.93
4.24
2.98
4.78
9.16
7.27
5.28
7.62
4.93
7.90
4.04
0.95
6.87
9.52
3.16
1.41
4.91
6.69
9.12
6.58
3.52
3.24
6.16
1.33
3.91
6.65
7.60
5.81
2.80
2.30
9.00
6.60
8.20
4.15
6.66
4.23
7.15
6.37
2.91
2.66
4.86
6.35
5.79
5.35
7.23
3.88
3.95
6.34
2.57
3.79
3.66
0.42
3.23
7.75
4.39
4.27
6.40
3.40
1.95
3.89
5.97
5.52
5.65
4.78
7.64
5.55
1.84
5.13
4.09
1.79
4.48
3.55
4.33
2.69
5.23
4.11
7.98
6.05
5.78
5.06
8.70
3.33
5.81
3.21
7.47
