6.06
1.29
3.72
2.36
6.53
6.02
7.13
9.43
3.14
5.33
6.66
8.17
6.41
3.67
7.40
5.22
3.39
5.53
4.50
5.94
11.8
2.27
2.86
6.45
6.34
5.29
7.79
4.52
7.84
5.20
7.79
8.79
7.28
3.05
6.67
5.00
2.30
8.55
4.57
5.46
6.15
0.39
3.48
3.88
6.84
9.44
1.27
2.17
4.38
6.76
5.27
5.57
6.31
2.60
2.82
9.33
7.67
7.75
2.01
2.56
6.62
3.43
2.20
3.36
5.96
7.25
4.88
3.10
6.78
6.28
9.05
8.27
7.71
6.35
3.76
6.42
6.27
3.38
6.17
3.05
1.54
4.13
1.84
4.97
2.70
8.17
7.71
7.72
5.48
6.02
3.46
5.28
5.00
6.30
3.81
8.24
9.74
4.00
0.36
2.43
4.05
2.33
5.19
5.03
4.41
5.62
3.82
1.75
5.00
4.20
7.67
4.11
5.85
4.95
5.56
7.25
4.98
4.75
4.49
5.35
