3.44
4.46
7.27
3.95
5.73
3.97
3.24
5.63
6.14
6.37
4.11
4.11
5.94
6.23
5.87
4.39
4.78
4.35
6.83
1.96
5.29
8.71
8.22
3.07
5.40
2.83
3.85
2.01
3.42
2.39
4.84
5.30
5.42
4.40
3.18
0.19
4.21
3.29
7.11
4.75
4.09
4.24
4.36
5.50
6.24
5.96
6.48
5.90
8.28
3.77
4.20
6.50
8.67
1.73
4.97
8.91
6.28
4.68
6.25
3.52
8.52
4.46
6.26
5.85
8.64
2.39
8.05
4.44
2.69
6.15
4.32
5.98
1.71
3.53
1.64
11.9
4.82
5.84
4.92
4.49
7.48
3.97
6.40
3.41
5.65
5.28
6.12
5.83
5.68
3.21
2.38
5.71
6.38
3.01
1.93
2.30
4.46
5.71
5.48
5.16
2.50
5.38
1.39
5.95
2.51
7.21
6.78
2.94
3.12
5.12
4.63
1.83
5.87
4.73
4.93
5.94
2.06
4.86
2.78
4.25
