3.71
3.63
7.73
4.66
8.72
6.08
5.69
0.28
7.98
4.32
7.83
2.08
6.16
5.21
8.57
8.54
0.52
6.10
1.36
2.88
7.23
5.71
3.10
3.77
3.70
8.00
4.77
4.46
3.44
4.64
5.08
4.85
6.62
4.65
6.17
6.29
2.79
5.59
2.23
5.68
6.21
3.92
5.60
5.42
6.29
4.23
1.07
3.27
3.09
7.73
2.48
7.63
3.87
1.92
6.85
6.01
6.02
6.19
4.35
5.65
0.93
7.82
6.40
3.57
7.66
6.91
3.95
4.56
3.10
6.77
5.57
2.68
6.85
4.05
3.95
4.19
0.98
0.50
7.67
7.60
3.56
4.19
2.80
4.47
3.98
6.37
3.20
6.24
7.08
8.46
6.38
4.15
5.21
6.99
7.13
2.33
6.19
5.15
7.95
3.25
2.65
5.24
7.21
5.32
5.70
4.47
0.55
4.06
1.34
3.57
7.62
7.40
1.10
6.37
8.00
7.91
4.26
5.54
4.69
4.62
