3.25
6.27
1.69
6.16
2.50
3.25
4.95
4.87
9.29
2.86
5.96
5.64
1.86
10.4
5.23
5.32
2.01
9.52
3.30
7.74
2.41
1.46
4.01
6.34
6.54
2.52
5.50
5.44
4.60
4.29
4.78
2.38
7.10
3.51
8.21
8.21
6.75
4.92
2.74
6.94
5.57
7.43
2.78
4.20
4.43
6.20
7.05
6.54
7.47
6.01
2.68
4.86
5.40
10.3
3.38
8.89
2.11
4.86
5.15
3.62
4.66
1.95
0.45
4.17
8.21
3.36
7.33
2.69
4.11
3.14
8.79
1.39
4.13
1.66
2.30
5.42
4.05
4.78
6.99
9.33
3.01
6.99
3.61
7.64
6.25
9.60
5.65
6.60
5.12
6.65
5.73
4.73
6.82
4.85
8.86
4.51
5.80
9.43
5.30
3.84
4.39
4.96
8.09
4.89
5.37
1.91
4.19
4.71
8.45
5.57
7.81
7.43
7.06
7.88
4.59
6.19
8.11
6.01
4.58
5.24
