5.25
2.94
1.41
4.69
6.38
8.44
2.68
6.84
4.39
4.50
8.29
2.03
4.63
4.48
6.13
4.98
1.87
2.60
5.12
8.08
2.10
3.05
5.34
5.61
6.78
6.95
6.03
4.08
9.32
7.53
5.96
4.47
2.32
4.81
3.38
6.65
6.42
3.90
5.94
5.95
1.52
5.49
2.86
8.09
2.15
2.07
5.43
2.85
8.65
4.25
2.11
5.73
2.96
3.22
6.60
2.14
3.09
2.33
2.64
2.82
7.63
8.55
2.37
5.54
4.22
4.85
3.75
5.55
4.47
4.59
2.18
1.69
6.02
6.06
5.40
4.53
4.42
1.16
3.43
5.39
6.16
2.89
1.77
1.45
4.13
3.74
7.67
4.07
2.90
5.23
8.35
4.37
5.87
5.40
4.86
0.13
3.94
4.15
3.72
7.53
6.42
4.94
4.48
2.52
3.29
2.74
7.44
2.59
5.40
6.43
6.40
5.37
7.02
3.26
6.50
6.55
4.52
6.71
5.46
2.02
