7.37
7.47
3.60
6.87
2.53
7.54
7.83
4.15
7.59
7.39
5.66
2.23
5.43
2.68
6.43
3.28
3.98
9.05
7.04
5.02
5.68
4.39
6.22
5.55
6.09
3.08
5.32
2.61
4.14
2.87
5.28
2.64
6.20
6.43
6.18
7.69
1.76
7.58
3.93
7.53
7.17
5.14
6.09
3.84
5.22
5.39
4.58
2.99
5.01
9.90
5.88
6.09
5.35
5.43
5.02
6.36
1.66
7.06
8.41
6.46
9.09
6.72
5.39
4.51
6.99
5.63
4.27
6.71
8.24
8.69
4.25
4.37
5.07
1.78
2.45
3.58
8.93
6.24
2.98
1.37
5.05
7.72
9.39
2.92
3.67
7.95
7.63
2.38
7.41
3.44
7.36
5.47
5.01
0.18
8.29
3.53
6.03
5.75
4.82
6.69
3.36
4.96
3.29
4.47
7.93
1.39
8.24
3.20
5.34
6.42
3.83
7.50
3.97
3.18
6.79
4.86
4.54
5.11
5.62
5.33
