2.05
7.62
6.67
5.66
6.34
3.33
10.8
3.48
2.44
5.33
6.50
5.98
11.1
4.19
1.74
2.98
6.12
4.35
5.03
5.98
6.24
6.01
8.37
5.08
0.04
3.55
7.25
1.14
3.67
3.12
9.44
5.34
4.71
2.92
7.48
4.48
5.57
3.68
5.11
5.14
4.24
6.71
4.66
2.92
3.33
6.81
2.46
4.85
3.35
5.33
12.1
3.43
0.68
5.27
5.13
4.66
1.24
3.84
3.75
5.62
6.21
5.80
6.42
5.78
4.55
2.46
3.18
7.23
7.60
3.47
6.39
6.99
6.98
5.90
7.22
8.50
5.23
4.34
5.35
3.54
8.38
1.77
0.19
3.49
3.29
3.33
7.43
4.93
4.04
2.40
4.75
5.53
8.78
9.32
5.83
4.46
5.80
7.59
2.14
3.44
4.27
3.06
7.77
5.90
1.44
7.94
4.70
9.70
2.47
8.24
3.98
8.57
1.46
3.70
8.17
5.83
1.54
1.90
4.73
7.56
