3.57
7.76
1.38
5.90
5.29
6.15
6.48
5.00
3.42
3.95
3.44
4.23
3.76
3.70
4.92
3.54
8.04
4.49
6.68
1.57
5.93
6.34
6.69
5.31
5.33
3.16
5.47
3.78
6.78
2.36
0.62
7.60
4.67
3.50
3.47
7.40
5.41
2.00
5.31
8.19
7.08
8.29
3.84
5.42
4.47
6.90
7.85
3.31
6.06
1.90
6.08
4.45
2.80
6.78
1.11
7.70
4.66
6.49
6.99
5.35
6.26
5.33
3.87
5.66
7.75
5.23
8.54
3.21
7.48
6.96
1.97
9.25
8.29
3.82
3.78
6.86
6.21
4.55
4.80
7.18
5.41
3.64
4.83
1.03
5.45
4.61
4.77
2.77
4.77
7.63
7.38
2.94
2.05
6.28
2.55
5.84
4.96
3.92
7.25
5.99
8.02
5.24
6.12
4.43
6.32
6.76
10.3
2.93
2.37
5.72
4.44
8.16
2.19
2.17
5.26
4.41
9.45
5.33
3.51
6.56
