5.41
7.60
6.61
9.77
6.01
6.75
4.07
4.35
5.44
5.28
3.77
6.84
4.54
6.69
6.06
2.26
2.33
5.58
6.31
3.46
4.86
5.24
4.14
6.27
6.42
6.31
8.13
7.40
4.80
2.39
2.03
4.84
6.16
9.09
4.15
2.83
3.75
6.25
4.88
6.23
5.52
4.23
2.39
3.93
4.33
6.45
5.99
3.44
5.87
2.57
3.08
4.92
6.01
6.63
2.97
4.34
5.63
3.54
4.60
5.85
1.97
2.35
6.90
2.04
3.01
7.65
2.70
6.33
6.23
4.63
4.82
4.38
4.86
4.84
5.48
1.89
1.62
4.00
7.20
3.76
5.29
2.32
3.37
7.77
2.64
5.75
3.99
7.39
2.12
7.79
5.83
5.55
7.54
3.26
6.18
3.01
5.09
5.62
5.60
4.25
6.22
7.29
3.73
4.00
5.50
4.43
1.56
3.07
4.18
7.32
2.10
4.42
1.18
2.87
4.90
5.58
3.30
8.37
7.64
7.39
