0.25
1.59
7.18
6.07
4.67
5.51
7.13
7.45
7.13
3.89
8.13
1.50
5.66
6.16
4.93
1.31
1.91
3.60
7.80
5.56
4.71
7.29
4.44
6.34
1.90
2.45
7.39
3.33
3.38
5.10
2.34
3.84
5.22
4.00
1.76
2.45
6.91
4.15
5.37
5.59
5.90
4.66
5.83
4.65
1.04
0.02
4.37
5.45
7.49
5.34
10.3
3.31
2.30
7.25
8.13
6.31
6.45
5.04
4.03
4.97
1.75
0.36
3.71
5.29
8.02
3.40
5.75
4.78
4.97
4.50
4.38
2.26
6.50
4.33
2.45
2.87
2.53
4.69
1.82
9.86
5.78
4.28
6.66
3.20
6.52
4.44
4.91
3.31
4.16
7.19
2.66
5.62
2.97
7.24
5.02
5.36
4.22
8.22
4.07
2.44
6.74
5.35
3.39
4.33
4.66
4.96
4.58
3.42
4.53
5.87
5.62
4.48
1.81
6.18
6.29
3.61
6.07
4.89
4.57
4.44
