2.71
7.19
4.33
1.47
5.62
7.62
1.89
5.13
6.49
6.12
3.53
1.60
3.58
2.56
5.53
2.94
8.12
4.25
9.43
7.29
5.16
7.49
7.26
2.20
1.90
2.62
3.90
3.08
8.03
6.10
5.03
5.99
5.16
3.67
6.54
1.83
5.79
4.51
2.92
4.30
5.44
6.27
4.43
1.85
4.14
4.34
4.18
1.85
2.14
6.72
6.52
0.69
3.36
7.48
3.92
3.78
3.81
3.65
4.06
7.84
9.84
6.44
6.86
4.42
0.83
2.47
4.98
4.17
7.80
6.86
3.18
6.94
6.58
6.63
2.66
7.04
4.72
2.87
3.89
5.46
0.44
4.55
2.06
4.32
5.28
1.84
4.15
5.28
6.64
5.42
3.53
4.17
7.07
4.86
6.70
5.29
5.90
3.39
6.12
7.19
1.29
4.87
5.16
3.89
5.55
3.28
4.24
2.49
6.45
10.1
3.99
2.48
6.30
7.43
4.65
4.98
4.72
0.97
3.68
6.23
