6.85
2.01
2.41
4.37
5.80
6.88
6.61
6.66
7.30
1.11
5.98
7.08
3.12
2.61
8.45
4.11
3.09
7.20
6.91
3.74
4.12
5.23
7.38
4.63
3.17
6.80
5.05
4.99
7.29
5.43
6.92
10.3
3.45
5.38
3.88
5.33
5.45
7.24
2.96
6.23
5.69
5.25
0.32
7.05
7.90
7.70
8.90
4.45
6.04
5.28
2.78
4.40
5.03
4.54
5.13
7.54
7.89
2.84
3.28
7.40
7.15
3.10
3.76
2.77
2.46
4.44
6.45
8.14
6.38
6.85
6.69
4.38
2.17
0.91
5.10
4.00
3.63
6.68
3.46
1.90
3.20
3.32
8.14
3.83
6.39
3.51
6.65
3.69
6.01
4.70
7.32
6.00
3.93
1.73
7.10
5.35
7.40
4.59
5.02
4.63
3.27
1.79
4.23
4.17
4.06
5.79
3.31
3.66
4.62
6.70
6.71
3.20
6.79
8.05
7.20
3.22
4.28
3.22
4.33
7.27
