1.84
4.06
2.97
5.31
6.33
7.08
4.82
4.29
4.38
8.10
3.69
3.95
3.19
7.96
4.02
7.67
6.38
3.11
5.85
5.44
6.53
7.75
3.93
2.45
6.46
5.80
3.45
3.80
2.56
3.44
7.73
4.68
7.03
7.54
3.04
3.12
3.83
5.11
3.01
7.89
1.92
3.92
6.73
3.60
3.64
4.76
2.54
3.13
2.50
6.73
8.13
1.43
4.11
1.05
7.83
5.22
5.14
5.75
6.37
4.62
5.52
4.09
5.58
5.35
3.52
5.92
5.31
2.21
0.79
3.61
4.53
5.90
4.85
7.84
5.17
2.78
5.68
6.76
7.00
4.87
3.88
6.58
2.28
8.19
8.44
5.61
1.47
3.69
4.44
8.95
6.19
4.69
6.11
5.36
6.94
5.61
3.36
5.39
3.94
6.47
4.39
6.11
3.69
5.16
7.79
2.05
6.45
2.70
4.57
8.25
8.66
6.35
2.29
3.51
3.53
6.91
6.57
5.78
4.66
4.95
