4.45
4.59
3.42
6.87
6.37
7.29
7.69
4.31
6.75
4.68
5.50
2.96
4.92
6.89
6.58
6.99
2.84
2.70
5.87
7.45
3.24
7.39
8.23
5.44
3.08
3.34
5.25
7.18
5.96
6.05
6.52
5.93
3.74
6.85
5.51
4.12
3.64
5.27
4.31
5.51
6.20
6.63
4.87
2.42
4.56
1.10
3.78
7.79
3.32
9.70
6.34
3.98
4.39
7.45
3.22
7.76
1.83
6.24
5.24
3.06
3.44
1.43
5.53
5.77
2.20
3.21
6.45
10.5
6.66
5.01
3.43
4.51
6.80
3.46
4.46
3.74
0.43
3.24
2.71
6.81
3.32
6.13
7.17
4.17
5.27
2.11
9.17
8.19
7.62
4.51
3.87
2.15
7.94
4.21
7.54
5.73
3.39
4.98
3.77
5.29
4.78
3.69
2.09
7.62
5.71
2.21
3.89
4.64
5.59
6.56
7.47
0.96
5.77
3.59
5.53
6.46
5.79
2.91
7.95
6.84
