6.72
2.22
7.25
7.01
7.01
4.79
7.58
6.33
1.46
6.55
4.24
8.01
2.43
1.52
3.23
5.17
8.95
4.42
7.25
2.95
3.99
2.64
6.40
0.92
5.17
6.87
6.39
5.23
5.28
3.94
5.61
3.16
7.46
8.33
6.54
3.44
6.34
4.31
1.55
6.03
5.98
4.09
0.89
5.53
4.59
8.85
7.52
7.19
4.59
7.20
6.46
8.74
7.93
4.77
9.14
5.38
3.92
4.36
0.77
4.07
2.75
1.19
1.87
4.16
4.29
3.75
1.65
6.27
5.68
1.96
10.5
2.77
8.76
6.64
2.83
9.19
6.66
3.01
3.48
3.64
5.30
3.90
2.88
2.87
5.16
4.65
3.79
5.99
2.80
1.35
3.63
5.94
4.84
7.18
7.14
6.12
8.45
4.46
7.98
4.82
2.93
9.26
3.44
2.61
6.67
3.19
6.15
5.37
3.65
4.26
0.44
2.59
2.26
7.28
3.57
7.15
4.32
6.10
3.11
3.91
