3.81
2.94
3.99
3.67
3.74
2.41
8.96
4.43
5.74
7.26
5.73
6.81
6.84
2.03
5.60
8.43
6.55
7.61
0.19
4.29
4.91
4.83
4.54
6.58
6.32
8.09
4.27
5.16
3.30
3.47
4.08
3.72
6.22
6.03
5.72
7.47
3.51
9.13
5.69
5.23
2.76
3.68
5.36
4.83
5.82
5.95
6.02
0.73
5.08
4.17
5.36
5.82
5.74
3.56
6.44
2.63
1.91
5.24
6.38
4.83
5.59
3.03
3.05
4.35
6.48
4.64
7.50
3.69
8.34
3.16
7.48
6.27
7.60
4.03
4.44
8.37
3.78
10.4
3.93
5.30
5.94
4.47
4.95
0.89
4.72
3.91
3.14
4.35
4.49
6.06
5.01
2.48
8.13
5.54
5.80
5.45
3.94
6.06
5.28
4.92
3.80
5.71
5.28
1.74
8.30
3.56
6.58
3.96
3.79
2.85
5.30
3.52
7.96
3.19
8.01
2.51
6.63
4.71
3.49
5.37
