4.49
3.14
4.62
0.90
9.37
3.58
10.3
3.08
3.17
5.48
3.97
5.55
4.23
5.32
6.56
7.07
4.87
3.94
4.59
0.27
7.49
3.36
6.28
5.89
3.65
7.40
4.66
5.00
4.72
4.72
3.12
8.82
2.38
7.71
3.64
5.21
5.06
4.32
1.52
6.63
7.18
3.08
6.92
2.62
7.38
3.70
6.24
5.50
4.55
3.83
3.58
5.61
5.00
2.92
7.76
5.99
6.67
4.34
7.44
4.38
3.00
6.31
5.99
2.48
6.70
6.54
1.70
4.83
5.02
0.97
5.50
0.90
3.88
6.74
6.32
0.54
7.51
5.91
5.06
3.41
6.85
2.91
4.82
2.30
4.39
4.67
6.85
6.89
6.24
1.67
3.82
2.68
4.73
9.76
4.33
5.82
5.91
6.28
6.77
3.19
6.24
0.34
6.40
7.71
5.06
4.46
2.77
3.86
2.12
3.26
7.02
5.79
2.07
2.12
6.41
7.85
4.95
3.96
7.10
8.15
