6.53
7.88
4.56
6.77
6.99
8.37
6.57
4.40
4.44
1.68
3.77
2.97
1.78
5.37
6.65
3.79
1.85
2.70
7.71
5.93
2.70
7.07
2.99
5.34
6.23
2.28
1.49
2.57
4.43
9.56
5.38
5.01
4.22
4.32
1.97
3.70
5.72
5.60
2.81
6.54
3.42
3.64
7.96
5.44
6.20
6.48
3.74
7.35
5.49
1.61
5.31
2.32
7.59
6.34
3.52
5.38
5.61
5.14
6.86
2.99
5.08
4.81
10.2
4.01
7.71
4.56
7.59
6.14
7.90
2.94
2.30
4.85
3.12
3.13
4.38
4.52
4.95
4.89
4.23
1.33
4.42
1.85
6.41
3.17
4.77
7.60
6.17
6.82
3.10
6.34
7.61
4.71
4.94
6.44
4.18
5.41
7.50
5.89
2.93
9.17
0.94
4.30
10.5
0.33
3.01
6.39
5.95
3.05
3.36
1.21
4.80
2.62
6.90
3.16
3.73
5.23
4.99
8.27
3.72
4.85
