6.08
6.98
2.42
6.78
1.75
3.27
7.43
5.71
3.94
5.82
3.81
3.04
7.70
3.53
5.83
2.74
3.93
4.93
1.81
1.84
3.99
8.10
5.20
4.59
4.99
3.47
4.62
9.59
2.63
6.61
4.74
4.99
5.89
6.81
5.56
5.43
2.84
4.51
4.12
3.33
4.27
4.97
8.43
5.31
6.41
6.25
6.50
5.05
0.97
2.42
4.12
5.65
5.52
3.22
5.86
5.03
5.87
7.56
4.83
4.31
5.99
5.29
4.57
4.90
5.24
1.80
5.63
6.26
8.49
2.70
2.94
5.13
7.21
3.33
0.94
4.37
6.47
3.46
2.36
3.63
6.89
6.17
4.89
5.43
4.96
5.88
3.01
2.90
6.27
1.55
6.06
0.27
7.01
3.36
7.22
4.98
7.43
1.83
4.05
0.99
0.68
2.59
2.32
5.95
3.41
9.36
4.62
4.55
7.34
6.12
3.03
2.61
4.50
2.49
4.29
3.61
2.91
4.91
9.70
5.52
