3.56
4.35
7.23
5.00
3.80
7.50
4.09
4.91
5.04
7.67
4.99
7.20
6.11
6.15
6.68
6.13
4.44
9.23
7.70
6.45
5.97
3.57
6.22
6.07
4.40
7.17
5.30
3.18
4.45
3.76
9.26
4.72
2.74
3.67
7.84
7.00
8.28
5.74
5.86
6.40
2.74
5.19
6.73
7.40
9.48
4.28
2.90
5.20
5.49
4.54
3.80
2.24
5.01
4.22
4.71
5.30
8.42
6.06
2.95
5.54
6.58
3.39
10.7
4.97
1.50
7.99
7.83
5.51
6.74
7.07
4.28
3.83
5.02
4.54
0.45
3.98
8.78
6.09
7.70
5.01
4.27
9.19
6.28
8.21
5.51
4.89
3.49
6.40
4.57
7.48
4.36
4.97
7.10
0.93
5.73
4.38
3.05
3.89
5.74
0.15
6.25
1.72
6.06
5.77
4.88
5.04
0.64
3.69
5.29
4.89
4.48
5.18
5.42
3.71
4.52
5.47
2.62
6.71
5.00
0.16
