3.80
6.82
4.56
3.65
5.68
4.48
5.07
2.69
5.22
7.69
8.27
2.86
7.58
5.88
4.73
2.69
3.99
4.37
4.90
5.99
8.88
1.95
4.58
3.94
3.88
3.47
3.84
7.62
5.37
4.54
8.57
2.65
2.22
5.23
5.25
5.83
3.83
5.53
4.31
5.98
6.61
10.7
4.80
5.67
6.14
6.45
7.05
3.90
5.14
5.00
6.08
6.31
5.25
5.16
6.66
4.84
3.98
3.75
7.15
4.49
6.74
7.34
7.48
9.69
4.61
5.24
7.31
6.22
3.77
5.03
4.72
4.26
7.05
5.21
7.19
2.80
3.22
8.44
1.43
3.19
6.21
4.95
4.63
5.28
5.58
4.00
6.24
5.54
5.25
3.01
7.20
4.92
7.91
4.23
0.86
3.66
2.39
7.06
3.61
3.47
6.00
4.66
7.39
8.57
0.81
2.26
7.03
6.32
2.90
6.44
3.93
7.23
3.21
5.56
5.25
5.35
5.46
5.90
9.28
7.49
