3.50
5.97
1.88
7.11
6.54
0.73
8.07
6.28
5.39
2.17
7.90
6.16
4.62
6.34
4.22
5.91
3.94
5.19
4.58
5.92
2.44
3.60
7.16
5.25
3.20
2.32
7.24
5.51
3.22
6.53
1.47
4.66
4.42
4.40
4.07
5.69
6.39
5.82
4.03
5.62
2.08
8.35
8.38
1.93
4.22
3.83
4.79
2.49
8.41
3.18
4.48
4.81
4.17
8.36
5.61
5.42
5.47
1.68
5.61
5.73
3.95
0.99
5.74
7.47
4.84
6.99
6.34
2.91
6.30
6.18
7.82
9.22
5.08
5.94
2.26
3.30
4.89
6.95
6.09
5.80
4.12
4.87
6.13
1.77
4.42
7.42
4.58
3.73
5.04
7.03
5.69
7.21
3.44
5.22
2.78
6.94
3.46
8.35
2.92
3.87
2.01
4.39
5.53
1.78
6.61
6.59
7.22
6.33
4.51
7.10
6.14
5.11
5.54
7.18
0.50
7.20
7.45
5.95
8.39
3.20
