4.55
6.91
3.57
7.29
4.26
5.82
5.74
4.99
8.76
5.47
6.02
5.98
1.98
6.14
4.82
4.15
4.32
5.57
5.10
5.39
7.48
3.78
3.55
4.93
5.46
6.40
1.88
3.11
3.58
4.69
6.50
4.15
2.12
8.31
6.74
6.05
4.67
6.88
5.06
0.78
6.06
5.79
6.32
4.73
8.84
0.78
7.50
5.84
3.13
4.13
4.56
4.72
5.83
5.50
4.28
4.07
4.96
7.73
3.45
6.66
5.08
1.97
6.12
6.53
4.77
5.68
7.40
7.78
8.25
3.73
6.06
5.47
6.27
4.50
9.03
3.25
6.79
5.78
5.84
3.01
5.81
5.56
3.64
5.87
1.59
7.26
6.07
5.84
6.49
4.77
4.18
3.09
3.30
3.92
3.68
4.80
4.70
4.66
8.05
5.19
5.38
4.37
6.32
5.72
8.61
7.63
3.12
13.4
3.12
5.48
7.00
1.37
3.87
5.67
5.89
2.31
2.23
7.52
4.19
1.55
