4.84
2.56
5.07
6.16
4.93
6.48
5.58
7.20
0.66
6.03
4.22
7.32
5.09
1.56
7.25
5.51
8.19
4.56
7.56
7.43
6.45
4.63
5.56
3.80
5.12
4.64
5.00
8.49
6.97
4.30
2.55
3.45
2.66
4.39
5.88
5.42
5.88
5.61
4.15
4.78
4.94
0.83
5.12
5.42
5.32
3.95
3.93
5.00
2.57
7.70
5.62
1.72
1.88
4.72
4.66
4.56
8.04
6.26
2.94
3.16
5.58
0.29
2.21
6.34
5.01
6.56
0.04
2.67
2.83
10.8
6.89
6.20
3.76
5.64
1.16
5.10
8.63
2.51
3.16
7.88
5.66
3.11
5.42
0.34
4.01
1.61
3.78
7.05
3.81
3.07
9.66
4.43
3.35
4.26
8.21
4.20
6.77
6.45
5.36
7.37
4.30
7.33
1.03
8.07
5.03
4.27
5.05
7.71
5.71
2.05
4.58
4.50
9.57
4.40
4.85
5.81
4.60
5.56
9.80
3.69
