5.55
4.78
4.14
5.01
1.16
3.82
0.57
4.03
2.47
5.34
3.93
6.10
5.93
3.68
3.85
3.54
10.7
5.96
5.62
4.67
7.86
3.94
3.80
0.72
7.13
7.90
0.51
5.56
5.99
9.18
7.74
2.49
3.27
2.88
3.14
6.73
2.95
3.89
2.14
3.30
3.89
2.35
6.26
2.06
5.61
6.51
10.3
0.91
1.05
5.36
5.94
3.11
2.79
1.96
6.14
3.56
0.45
6.31
5.99
1.10
1.62
2.90
1.23
3.68
3.82
5.98
4.94
2.21
0.94
7.02
2.41
5.49
4.66
2.29
1.28
5.12
1.43
6.83
7.73
2.82
7.28
10.6
3.89
2.58
1.04
1.74
4.41
3.54
3.62
2.06
2.54
3.76
2.71
2.72
1.23
5.13
0.91
8.03
0.91
4.38
2.67
3.97
6.47
2.64
0.11
5.32
3.29
6.95
6.48
1.64
4.55
3.31
4.68
4.33
0.80
3.15
4.20
3.86
3.86
5.96
