5.30
2.93
3.19
3.03
5.70
3.72
4.76
6.12
6.93
3.74
8.08
3.93
5.45
8.02
0.86
5.29
4.41
4.87
7.71
4.65
4.65
7.48
7.95
0.72
7.23
7.16
6.17
5.11
5.55
3.96
7.32
7.44
6.66
6.02
6.37
6.52
6.74
9.00
3.22
5.39
2.46
2.96
6.23
6.14
2.49
5.88
5.03
5.47
5.07
4.84
2.20
6.62
5.01
6.07
1.92
8.86
5.37
3.69
5.47
5.50
2.48
5.07
8.21
4.78
6.70
4.66
2.29
7.74
2.80
5.27
4.36
5.15
0.32
4.95
3.43
1.14
4.71
4.81
6.62
4.30
3.15
1.46
5.45
6.68
2.28
7.26
5.17
4.22
5.99
7.09
1.62
3.13
7.95
8.41
3.47
5.26
9.33
0.61
1.93
6.37
4.50
4.48
6.29
6.91
3.70
8.03
5.09
2.25
2.50
3.54
3.76
6.82
1.37
3.26
3.75
5.70
2.39
4.91
7.16
5.98
