4.35
6.73
5.78
4.98
1.64
5.06
7.48
2.10
3.79
3.69
6.98
5.45
4.01
6.94
5.91
4.23
3.31
4.49
3.21
5.45
5.12
6.58
1.70
8.61
4.31
2.60
3.54
8.03
3.98
5.74
1.62
5.67
3.21
5.52
6.56
6.45
5.11
2.20
7.23
4.52
9.73
4.29
3.82
7.55
4.29
4.86
7.42
4.37
4.91
5.43
5.35
3.97
7.45
8.49
3.61
3.87
3.90
7.57
5.97
2.37
2.13
6.77
2.15
7.30
7.33
5.23
3.89
6.93
5.30
8.69
8.00
4.90
3.82
7.07
6.92
4.74
8.87
4.39
6.10
6.39
2.38
3.40
5.65
4.79
4.98
4.36
10.6
5.04
5.92
7.35
6.86
3.56
3.74
4.74
6.59
2.56
0.71
1.90
5.69
6.30
6.40
7.62
8.51
5.15
3.99
3.16
5.21
5.94
6.42
4.07
0.72
4.06
4.89
5.49
4.97
3.05
2.04
2.48
3.70
2.72
