3.18
6.05
5.38
9.03
3.25
5.05
3.02
6.12
6.74
8.21
4.30
4.94
1.60
5.32
2.31
5.65
5.64
7.36
9.62
6.82
1.97
0.81
3.74
8.24
6.10
4.02
2.84
6.90
3.97
4.73
7.29
4.94
3.25
1.95
5.08
0.54
3.66
4.95
4.62
1.32
2.72
4.50
3.95
5.77
6.83
5.91
3.35
8.66
3.56
4.24
5.36
4.48
4.35
6.47
3.94
1.82
2.45
9.07
4.48
6.99
6.16
6.28
8.23
6.27
3.30
7.43
2.11
4.29
3.05
5.12
3.77
9.54
4.67
2.60
5.31
3.84
5.68
2.61
5.97
3.39
7.55
2.77
5.97
5.89
2.90
2.99
7.20
5.10
3.22
3.23
5.86
3.18
6.69
5.06
2.64
1.98
4.18
4.32
7.89
3.92
0.34
5.58
3.40
3.02
5.76
8.88
3.35
5.88
4.15
6.08
6.04
4.79
7.15
2.73
4.91
6.85
1.54
6.64
6.25
3.21
