7.21
7.56
5.24
7.55
2.41
6.37
5.24
3.11
4.75
5.01
4.92
4.28
2.37
7.03
3.58
5.27
7.86
1.71
5.18
5.37
4.92
6.08
7.25
7.10
4.82
4.44
4.47
6.95
6.66
5.26
5.71
4.99
5.56
5.53
2.36
1.25
7.11
3.38
2.56
3.72
7.93
9.87
6.70
4.46
9.04
6.06
7.32
6.90
3.04
6.11
5.24
6.89
4.74
2.73
4.77
1.11
5.13
2.93
5.36
5.89
1.78
2.07
3.30
4.76
6.16
4.91
6.10
7.16
4.54
5.18
4.40
1.74
7.03
4.16
2.84
4.81
6.13
7.10
0.77
6.41
7.10
4.67
5.65
5.96
3.03
9.76
3.29
7.40
4.06
3.69
4.65
5.02
3.66
7.56
4.75
3.48
2.78
6.51
5.65
7.00
4.71
7.68
3.72
4.17
7.31
9.56
5.80
5.60
2.96
7.41
3.62
4.37
0.29
3.63
6.79
9.92
3.98
6.49
4.03
1.16
