5.35
4.32
9.36
8.94
3.30
7.95
1.27
1.32
2.97
5.49
4.25
10.4
5.30
4.73
4.13
3.67
3.62
4.08
4.41
5.73
7.76
7.93
4.04
3.33
2.68
3.16
7.18
4.61
4.37
7.28
4.67
2.23
4.93
7.53
0.45
2.76
3.46
5.47
10.6
4.90
7.93
3.46
5.50
6.40
5.26
7.01
4.52
4.73
6.27
4.85
2.11
7.30
4.81
7.45
5.32
7.71
6.40
4.19
6.37
5.90
3.25
2.90
4.71
2.24
3.99
8.02
4.35
5.89
6.43
2.05
2.69
3.02
5.24
6.58
5.42
4.87
5.96
8.82
4.19
5.21
10.1
8.42
4.86
5.38
7.14
8.14
3.50
3.79
2.58
3.15
6.40
5.30
5.10
7.04
6.42
8.48
7.06
2.83
5.54
5.54
3.23
2.22
5.37
1.87
4.18
2.55
3.01
2.93
9.10
4.06
2.77
4.45
4.86
8.91
3.53
5.67
9.84
5.82
5.31
6.44
