5.55
2.17
3.29
5.68
5.00
2.68
4.97
9.13
5.69
9.87
5.69
6.03
4.38
3.12
4.40
5.83
4.15
5.44
0.74
6.56
4.60
5.19
5.82
4.95
5.49
6.99
2.31
6.39
6.65
4.29
9.60
4.93
4.23
4.89
6.93
7.98
2.47
2.70
3.12
6.97
2.88
8.73
3.03
6.26
4.69
8.45
1.05
6.28
1.61
4.52
6.82
4.95
5.43
6.17
6.49
6.06
2.56
8.65
2.76
2.15
8.13
5.33
3.97
2.87
6.67
5.63
5.99
5.50
6.91
5.14
2.46
4.02
2.92
2.62
6.43
3.02
4.10
4.26
4.30
4.84
8.35
5.09
6.53
2.12
6.30
5.26
6.89
4.84
6.39
4.26
7.67
1.83
5.62
1.84
5.43
3.34
1.17
4.46
3.80
6.25
4.92
4.62
6.17
6.55
2.66
9.53
5.67
3.08
4.89
4.71
4.81
4.21
4.24
5.12
7.62
6.81
7.01
7.14
6.39
4.97
