10.1
4.54
6.86
7.05
6.37
6.36
2.91
6.54
7.14
6.35
2.89
6.08
4.13
7.17
0.94
3.00
5.63
2.11
5.66
6.15
2.84
5.77
4.82
2.92
2.01
4.51
4.63
2.68
5.57
3.29
7.61
5.06
6.81
1.23
2.93
5.88
11.5
3.69
5.05
3.93
0.80
7.25
6.24
5.76
3.15
6.30
4.08
5.65
1.73
4.22
2.12
7.96
5.44
6.70
1.15
10.3
4.39
5.03
8.94
2.19
6.40
4.69
8.83
4.51
3.49
3.69
3.34
2.78
5.32
5.89
8.31
1.60
6.01
3.69
5.33
8.77
4.80
4.37
1.25
4.92
4.47
5.70
5.22
5.49
5.82
5.40
2.96
2.43
4.55
5.72
3.98
4.69
4.05
3.85
4.01
4.47
6.31
6.52
3.74
6.78
7.23
2.85
6.29
3.07
6.81
4.29
3.14
8.76
7.42
4.50
7.40
8.73
4.42
7.07
4.15
7.11
5.82
2.89
5.38
3.06
