2.79
3.54
3.12
7.28
4.27
3.61
4.85
5.66
5.03
3.49
3.52
1.17
7.83
6.72
6.06
4.31
5.75
5.10
4.46
0.65
3.49
2.04
4.74
3.17
2.39
6.61
5.25
5.50
5.23
6.72
5.46
3.77
5.39
6.41
4.59
4.97
4.84
4.89
2.60
5.09
6.27
3.77
2.07
6.18
4.53
5.47
4.29
5.37
5.12
4.49
4.07
5.13
3.86
6.95
7.01
6.07
3.63
3.72
5.79
4.93
2.58
2.16
5.76
4.43
3.82
1.42
0.06
6.85
6.22
5.42
3.76
8.36
1.56
4.10
5.20
4.08
1.82
2.61
3.62
4.12
4.84
3.69
5.38
1.57
6.56
10.0
3.78
6.28
5.38
3.97
1.96
8.58
6.29
5.83
1.84
8.14
6.69
6.09
9.74
8.99
0.90
8.09
0.85
3.38
6.22
7.14
3.41
6.24
2.78
3.19
5.02
5.98
6.95
6.23
8.92
5.27
6.81
4.53
3.96
8.10
