4.93
6.79
4.81
4.71
6.16
5.46
0.56
5.95
5.98
8.74
7.56
9.29
6.24
5.06
6.14
5.86
2.11
1.40
3.90
1.78
1.95
1.35
6.17
1.99
4.86
3.13
6.42
8.15
7.80
6.83
8.15
1.53
4.79
3.48
3.22
2.90
5.53
5.87
1.10
5.46
3.99
8.17
5.45
8.71
6.20
7.79
5.54
4.16
4.86
6.11
2.73
8.13
5.49
4.29
5.28
3.26
4.08
4.49
4.24
8.31
6.03
5.49
4.48
3.01
8.19
4.76
1.92
7.07
6.37
4.06
7.34
4.28
3.99
2.65
6.29
3.91
3.67
4.96
7.27
2.65
7.50
6.63
6.30
6.11
1.96
4.60
6.99
6.34
5.45
6.46
2.32
4.66
4.50
7.11
5.06
5.59
4.78
10.2
5.23
9.10
3.66
7.59
2.37
4.64
3.72
4.58
2.49
9.28
0.04
5.95
8.00
4.29
4.64
4.03
0.50
2.81
6.52
7.80
3.95
4.37
