3.95
2.15
6.65
2.32
7.37
5.69
5.27
3.26
8.86
5.09
8.95
6.89
7.18
5.57
3.08
6.60
0.78
4.99
6.77
6.31
5.18
8.63
6.40
7.65
7.51
1.50
6.12
6.66
1.58
3.93
2.28
6.19
4.37
3.36
6.90
5.29
7.46
5.68
5.09
3.21
7.18
6.85
4.80
1.14
7.63
5.08
4.83
5.72
3.48
2.59
2.13
6.79
4.75
7.41
5.81
4.69
3.84
4.90
2.71
5.08
0.44
1.48
4.65
3.14
5.94
3.77
7.67
3.27
4.82
3.50
7.55
6.28
6.53
4.53
6.61
6.18
7.43
2.55
2.82
5.33
7.49
2.72
6.04
3.83
1.89
3.74
6.03
5.69
6.03
8.23
5.62
2.69
5.19
5.02
6.57
9.55
1.45
3.45
4.85
4.38
4.61
6.97
3.34
4.60
0.64
7.74
3.04
3.20
4.81
7.77
7.52
5.29
6.22
2.05
3.79
2.62
5.74
6.30
2.28
5.28
