2.66
6.80
1.73
3.89
6.04
1.65
7.24
7.80
1.40
4.64
0.40
2.36
5.17
6.54
7.66
3.24
4.08
3.04
5.73
2.44
5.31
2.94
3.82
4.15
6.59
6.77
4.49
5.05
11.0
4.65
3.58
4.67
3.40
7.28
9.52
7.12
3.11
4.49
8.38
4.01
5.38
9.45
3.78
6.76
5.22
4.96
2.56
5.50
7.02
3.37
8.67
3.51
4.83
5.81
8.09
8.07
5.12
3.51
5.25
3.61
1.82
4.95
4.69
6.76
5.75
1.18
4.90
3.02
8.32
3.81
3.46
6.39
8.66
6.95
7.30
5.34
6.53
6.45
6.75
6.03
5.60
1.59
8.59
3.08
7.66
3.11
5.62
2.87
4.44
5.80
6.88
3.23
3.27
4.90
3.50
5.30
3.18
1.35
5.54
2.38
2.75
5.02
4.78
7.96
4.60
4.57
7.12
7.93
6.70
2.26
5.57
2.76
4.11
4.64
4.48
3.55
6.84
4.76
4.24
7.31
