2.42
3.09
1.01
9.22
3.42
1.19
2.79
3.01
5.29
6.30
4.36
5.10
6.81
6.79
6.17
5.59
6.96
2.94
5.63
9.03
3.74
3.00
7.81
3.32
6.31
9.98
8.14
8.09
5.41
5.14
4.27
3.70
5.98
5.09
4.18
6.06
1.48
7.32
9.41
4.28
2.23
4.70
5.28
6.56
9.20
5.53
4.48
7.50
6.29
3.02
3.87
4.97
2.73
2.42
5.45
0.67
6.85
7.53
6.75
4.85
6.23
2.82
4.71
3.61
6.15
4.38
3.35
5.71
3.72
2.38
3.00
0.53
6.87
5.25
6.95
3.59
5.95
5.18
5.37
3.38
1.60
7.16
4.36
7.37
3.17
5.14
8.36
4.73
6.97
3.06
5.57
8.55
2.89
6.98
6.83
1.93
3.50
4.91
4.74
9.30
2.22
8.83
6.04
7.90
6.73
4.91
7.79
5.73
7.87
3.34
3.14
5.01
6.33
7.26
4.60
6.56
3.62
4.29
4.85
6.90
