4.94
4.91
9.88
4.09
2.17
8.17
2.15
7.07
5.82
4.20
1.37
8.81
5.98
6.76
6.75
4.13
6.12
4.57
6.59
4.43
1.65
2.11
4.24
5.73
6.19
2.78
4.19
5.07
6.33
2.28
6.75
3.69
7.49
2.48
6.06
2.94
3.33
4.05
7.05
4.81
6.48
6.15
3.81
5.86
5.81
7.01
4.12
1.95
8.25
5.36
6.32
5.30
7.26
10.1
7.94
6.18
2.87
2.96
7.30
4.35
3.06
1.73
7.22
3.88
7.59
7.77
9.85
3.70
5.36
1.43
2.08
3.87
4.08
6.63
3.52
7.00
3.43
4.60
5.48
3.98
4.69
8.50
4.33
4.93
7.62
7.29
6.81
3.72
8.01
4.50
4.44
3.93
5.45
6.17
2.73
5.14
6.64
6.12
4.10
5.50
5.02
5.19
2.80
5.58
5.03
3.86
4.18
4.31
6.34
6.34
3.21
2.41
5.53
2.43
2.38
3.27
7.44
3.51
5.25
9.51
