6.46
7.30
1.52
6.82
7.75
3.17
6.24
4.78
3.17
1.24
7.01
6.24
3.27
4.65
4.39
6.28
3.62
6.60
7.92
5.35
5.80
5.00
6.40
6.38
4.84
7.26
4.53
8.55
3.64
6.47
3.37
4.64
5.89
8.43
5.51
2.17
3.79
5.01
5.01
6.97
5.73
6.19
3.77
5.51
3.82
5.84
8.03
5.33
5.86
5.17
4.20
6.31
4.08
5.68
3.36
3.02
5.76
2.04
4.17
5.08
7.24
4.05
5.44
2.33
6.13
2.46
4.34
6.33
3.96
2.44
6.64
8.30
5.81
6.18
6.72
3.24
5.16
7.50
3.58
4.77
7.05
5.78
5.59
4.27
12.7
2.40
4.84
2.35
3.14
1.84
6.65
2.91
9.54
6.00
5.00
3.36
10.3
1.37
7.31
6.56
6.80
6.29
6.53
7.89
2.99
2.70
7.56
2.29
8.50
3.99
5.24
5.06
3.64
3.22
2.07
2.07
4.91
6.28
7.05
4.14
