4.26
6.69
4.64
3.52
6.33
2.41
3.14
1.19
4.57
7.11
5.30
7.55
6.83
6.38
4.34
8.43
3.84
7.06
8.23
4.92
5.65
5.57
6.84
2.75
4.66
3.86
6.10
5.95
3.18
1.26
7.70
4.44
4.05
5.58
4.85
6.94
5.37
6.15
5.28
3.80
3.00
3.20
2.03
4.97
5.11
5.35
6.00
6.56
0.99
6.26
4.78
5.20
6.33
7.35
5.52
4.66
3.69
6.56
7.41
6.79
7.26
6.24
4.50
8.64
1.33
6.56
10.9
6.17
5.68
6.46
5.96
3.15
1.45
6.97
5.20
4.47
3.49
6.64
5.17
5.78
5.74
3.73
6.50
4.09
6.32
0.88
3.58
4.43
7.32
5.49
0.77
0.73
3.76
4.62
5.37
7.63
5.84
1.78
5.48
6.78
7.45
3.63
7.43
6.14
6.89
3.73
8.58
8.29
8.70
9.71
4.76
6.57
2.73
0.64
5.89
5.73
3.88
5.53
6.20
2.95
