6.39
9.59
3.51
4.93
2.93
3.65
7.55
1.95
5.95
2.75
3.01
7.04
6.43
4.61
6.49
3.39
2.65
4.87
5.69
4.52
7.32
4.51
6.45
6.19
5.10
6.56
5.24
4.75
3.08
3.93
6.19
6.86
2.91
2.33
4.95
6.35
3.48
4.69
4.60
6.78
3.63
6.22
2.97
5.48
5.92
5.35
3.27
6.06
5.19
6.36
5.65
7.57
3.70
0.94
3.45
4.87
5.91
8.35
5.95
6.68
1.57
2.96
3.83
3.12
4.65
2.03
5.69
3.41
8.26
8.02
3.02
8.02
5.99
4.10
4.91
3.38
3.65
4.40
4.52
3.59
3.21
3.79
6.06
4.95
3.71
6.15
1.16
4.43
4.10
4.41
5.68
4.27
3.23
7.05
4.45
8.74
2.27
0.38
4.98
9.25
7.70
6.77
5.57
4.53
1.05
1.64
6.62
5.64
0.02
1.72
7.87
3.89
7.76
3.57
6.48
0.86
3.13
7.26
3.70
5.82
