2.54
5.51
6.11
1.98
5.97
5.53
7.10
3.66
5.25
6.31
4.89
5.22
3.67
2.16
4.47
4.76
5.37
1.21
6.59
7.43
6.19
6.22
8.09
5.72
7.52
6.40
5.50
4.25
4.12
3.37
4.41
4.89
2.55
8.41
6.21
3.15
5.21
6.70
2.35
5.80
2.96
4.30
6.55
4.23
4.01
4.30
7.41
7.71
6.44
1.17
5.01
6.01
6.39
4.40
6.16
7.32
3.32
7.40
5.49
7.85
3.25
4.14
2.87
4.44
3.59
3.74
5.14
5.66
3.89
5.23
5.20
4.21
5.09
5.03
8.12
6.02
2.03
6.93
5.28
0.74
5.88
3.39
7.03
1.79
6.41
4.92
8.09
4.36
4.68
5.11
2.51
5.76
7.74
1.40
7.40
3.05
3.12
3.49
8.62
6.61
3.09
5.79
5.74
5.84
5.54
3.52
9.03
5.33
0.30
6.43
3.47
5.43
1.65
5.40
6.91
8.14
0.93
1.37
9.14
4.96
