8.28
5.32
1.13
9.84
4.62
0.82
1.54
2.41
8.36
4.55
6.83
8.97
3.88
0.91
7.07
9.27
4.69
6.17
6.03
5.87
6.62
4.11
6.82
4.97
5.51
5.55
1.81
2.83
4.67
4.63
7.54
2.54
6.46
5.24
2.79
4.23
2.38
4.61
0.87
4.78
2.59
6.70
4.04
3.10
3.73
5.72
7.19
0.31
4.85
4.62
7.75
8.24
6.97
1.94
5.61
3.56
7.23
7.29
2.35
6.26
4.28
3.78
4.01
7.61
4.92
6.45
7.90
8.31
4.02
1.45
1.25
4.72
4.79
6.27
4.42
4.72
6.33
2.20
3.04
2.56
2.71
3.03
3.59
4.74
4.52
9.51
8.29
5.71
7.21
3.75
10.5
3.98
3.31
2.68
4.51
5.06
2.78
7.13
9.51
4.56
2.70
5.40
5.08
2.42
4.79
4.27
4.58
6.03
6.34
8.09
6.87
7.74
2.29
2.67
7.56
4.87
5.95
6.22
7.55
6.32
