1.27
3.05
3.58
5.69
6.94
3.65
4.16
6.63
5.48
2.30
4.05
4.50
8.52
8.06
2.36
2.40
6.67
3.97
8.79
5.45
1.37
6.46
1.80
4.42
3.61
3.81
4.44
3.72
6.43
3.94
7.54
2.88
3.52
7.24
4.20
7.76
7.61
5.77
4.13
5.84
7.02
4.50
5.33
8.39
7.19
2.23
5.56
5.88
3.82
7.26
7.95
1.68
7.02
1.05
3.89
3.79
2.11
6.50
3.12
5.46
6.64
3.76
3.93
3.15
6.27
6.77
6.40
3.94
8.04
7.34
9.99
3.90
4.44
4.55
4.94
7.31
5.44
9.47
2.80
7.94
6.19
4.11
9.20
7.13
6.24
5.13
4.82
3.12
0.64
0.16
3.25
4.80
3.66
2.61
5.91
6.44
5.47
4.85
2.71
8.67
2.63
5.88
2.84
2.70
4.87
3.96
6.49
3.24
1.68
1.78
4.20
4.99
4.38
8.26
5.98
6.56
6.02
3.75
0.47
4.38
