4.38
3.89
6.51
5.05
6.57
0.41
0.75
7.79
6.12
5.31
5.63
4.51
3.49
4.76
3.91
7.69
7.87
5.98
2.26
7.27
3.79
2.23
3.59
6.31
6.44
3.46
5.02
7.50
5.07
4.03
5.60
2.97
4.26
5.64
4.41
5.73
6.29
3.25
5.86
3.65
5.65
6.55
2.99
2.73
1.23
1.84
6.52
5.40
8.30
5.20
5.76
4.05
6.34
7.60
3.21
5.04
8.39
4.71
7.11
6.17
4.17
3.52
2.51
8.23
4.02
5.93
4.11
7.44
5.78
6.32
6.88
3.31
5.87
2.98
6.47
4.04
7.94
5.34
4.02
4.42
7.30
2.44
3.37
5.73
2.44
5.36
5.99
8.80
1.53
3.95
3.94
5.97
3.05
3.88
6.01
6.26
8.64
2.47
4.01
5.16
5.12
4.14
5.27
0.63
7.41
4.84
7.71
3.12
2.77
6.29
2.92
2.75
1.61
3.66
5.14
5.88
3.96
3.38
2.45
5.58
