3.64
4.89
4.01
1.59
3.48
6.60
6.63
0.82
6.94
2.80
3.77
3.06
5.84
5.19
4.77
2.12
8.43
3.36
1.14
6.60
4.64
7.36
3.69
6.69
4.24
6.09
6.86
3.87
3.20
4.33
2.30
5.75
5.49
4.65
6.59
7.25
6.64
5.46
3.61
3.84
3.36
5.95
3.10
4.23
2.14
4.30
4.85
5.46
4.78
2.73
3.28
4.88
5.87
4.28
5.26
8.28
3.72
3.24
3.57
5.66
4.78
7.92
3.61
4.44
2.85
5.01
5.71
9.88
7.81
3.56
4.86
5.16
3.82
9.90
3.81
7.09
3.89
6.50
1.33
5.06
2.88
8.11
6.44
4.41
3.31
4.13
3.05
4.76
2.98
6.53
0.45
5.30
3.83
4.77
1.54
4.06
3.63
2.75
8.36
6.39
2.63
4.41
5.43
7.41
2.57
6.90
3.88
6.42
5.35
7.55
3.35
4.00
4.96
5.04
5.83
7.92
3.03
3.80
7.25
5.76
