1.67
8.02
6.13
5.95
2.84
8.05
2.52
3.98
3.41
5.44
5.81
8.17
6.07
3.91
6.80
6.22
4.78
1.84
4.44
4.72
2.89
6.56
7.89
0.98
4.49
4.82
4.99
6.61
4.17
7.31
2.51
6.58
4.05
3.92
5.90
3.55
3.94
4.57
1.08
6.75
5.41
5.99
4.21
8.08
3.67
1.91
0.13
4.60
4.09
2.71
4.29
0.69
6.17
5.62
3.52
1.61
5.81
4.32
5.25
2.70
6.52
5.41
4.96
6.23
4.07
5.17
3.71
3.36
1.72
4.14
5.41
4.61
1.72
3.87
4.92
1.93
4.56
5.93
3.63
4.36
2.99
5.16
5.61
6.88
6.27
2.67
2.84
2.98
6.72
4.86
3.35
5.91
1.59
5.32
5.42
5.12
5.74
6.65
0.93
2.73
8.14
7.88
2.81
3.50
4.92
2.65
2.10
5.72
2.13
6.61
4.20
8.07
7.14
5.08
7.66
6.72
5.74
2.74
3.77
8.27
