4.13
5.36
6.14
6.27
2.27
6.82
3.18
3.40
6.92
5.60
5.53
2.55
7.22
4.19
4.16
1.37
8.82
2.08
7.71
1.92
5.49
7.01
5.20
4.97
3.63
4.42
6.68
5.24
5.71
6.87
8.30
4.19
1.20
6.76
4.88
7.18
4.11
4.10
8.01
6.36
6.83
5.65
6.06
8.51
6.00
0.25
4.45
6.99
4.39
4.97
5.65
1.72
5.57
3.41
5.31
6.69
7.04
2.42
6.32
8.02
5.43
3.04
4.95
5.73
4.84
4.62
5.40
7.42
5.07
4.42
5.59
5.46
7.37
5.76
2.97
3.22
4.47
5.14
5.69
5.59
6.81
4.26
4.95
4.54
7.68
4.57
3.74
4.65
3.95
3.37
8.13
5.50
6.58
3.47
2.59
4.41
3.74
7.06
6.81
5.65
7.26
3.37
5.68
5.16
0.55
3.59
1.97
5.03
5.93
4.87
4.57
2.09
7.28
9.83
2.77
3.86
5.26
5.00
6.89
2.69
