7.46
4.64
4.36
7.50
3.38
7.66
2.59
0.99
4.07
3.90
6.53
6.79
6.95
2.99
2.82
4.28
1.31
5.12
6.34
3.23
4.54
6.00
3.41
0.59
2.93
5.19
4.44
4.78
4.48
4.82
3.31
6.11
6.90
6.40
3.02
4.94
5.27
7.75
7.78
7.38
5.74
5.37
5.45
5.31
1.93
4.61
4.71
2.85
5.85
5.23
3.08
3.03
7.35
6.62
4.51
5.05
7.32
5.17
1.59
7.47
4.46
5.28
4.01
7.03
2.48
4.49
6.77
1.05
2.30
7.08
4.32
4.93
5.57
6.52
4.29
7.39
6.16
6.33
7.75
4.27
3.09
7.03
6.57
3.04
4.11
2.87
4.60
4.38
3.85
6.90
6.92
5.59
4.09
6.21
0.71
5.04
1.99
3.45
7.88
4.89
6.78
5.50
2.11
3.41
5.53
6.64
6.01
3.16
2.95
6.97
4.81
5.33
4.66
7.66
3.98
3.32
1.26
4.57
8.72
4.81
