7.52
6.35
3.21
3.91
3.78
6.58
7.40
6.30
6.78
4.88
5.23
4.95
4.03
7.56
0.94
3.75
2.69
7.55
4.26
3.44
7.06
2.09
3.28
1.87
6.52
3.72
1.34
5.42
6.52
5.29
4.92
2.58
3.07
5.59
0.99
7.34
4.21
2.24
1.52
7.13
10.0
7.83
3.58
3.14
5.27
5.09
5.79
3.66
6.16
7.06
6.21
4.86
2.53
5.22
5.25
4.92
4.82
4.50
2.69
7.75
5.68
4.06
6.14
4.02
2.33
2.44
4.57
4.70
3.49
6.18
7.34
4.56
5.02
3.60
4.96
6.68
2.01
4.80
5.53
6.23
5.26
6.63
3.20
7.75
4.22
6.08
2.96
5.07
8.79
5.78
4.84
7.35
6.41
3.19
8.22
7.71
2.86
5.31
7.00
3.03
6.81
3.31
4.55
3.80
4.23
2.08
3.74
4.80
2.89
3.28
7.37
5.03
6.48
7.12
4.59
7.01
1.61
6.95
5.19
5.93
