2.31
2.94
2.45
5.61
4.25
0.71
5.53
4.07
3.84
2.85
2.97
7.43
2.26
5.50
0.22
3.59
4.39
5.12
7.55
10.2
8.85
5.05
6.10
5.60
2.63
5.58
5.20
2.62
2.69
6.03
2.11
7.19
6.91
6.13
3.71
1.04
4.81
6.20
2.98
3.20
4.67
0.93
7.55
6.22
6.68
5.22
5.81
3.61
1.61
5.44
5.98
4.99
4.40
3.25
6.57
7.61
2.51
7.29
1.53
4.80
6.75
6.32
2.29
8.02
4.61
5.66
8.21
4.87
6.41
2.45
7.12
8.74
6.49
2.16
4.92
4.51
8.95
8.99
5.05
2.80
6.52
6.58
5.75
1.75
4.42
4.86
2.18
5.26
4.22
4.51
4.36
5.15
6.60
3.33
3.59
2.99
6.37
6.75
3.25
6.90
6.75
5.42
2.50
5.37
4.21
4.03
4.06
5.40
6.93
6.56
4.19
4.57
3.16
5.16
6.87
4.70
4.05
4.40
10.1
4.18
