5.83
6.39
4.23
5.20
6.00
6.08
1.42
2.58
2.95
2.28
5.18
3.97
6.80
5.96
5.52
8.09
3.72
2.26
6.30
5.98
2.58
4.84
6.64
6.26
11.0
5.56
7.58
5.62
5.56
7.12
6.25
1.92
4.21
7.71
7.96
4.92
4.50
8.66
7.26
0.74
3.07
5.09
7.52
5.63
9.43
4.95
3.70
2.67
4.22
5.42
4.06
2.03
4.11
4.33
5.47
4.57
7.34
2.15
3.36
8.48
7.80
3.73
1.35
4.99
6.03
6.89
3.52
4.57
2.55
2.74
3.17
6.05
1.08
6.21
6.13
5.17
3.72
6.66
3.70
9.74
5.14
5.35
4.67
7.09
5.55
0.49
6.60
2.77
5.57
4.26
9.04
4.28
3.65
3.06
6.52
5.70
8.05
3.64
8.23
4.93
2.94
4.74
3.66
6.00
2.49
6.42
5.46
3.11
4.74
4.74
3.59
6.33
8.60
1.93
4.72
3.70
3.55
5.57
3.80
4.41
