3.74
3.11
0.94
4.55
2.99
6.08
6.17
5.77
7.44
0.97
6.38
5.78
7.85
5.86
6.45
5.23
4.32
4.84
2.85
4.86
3.89
2.17
3.71
9.24
4.28
4.39
3.12
7.15
5.17
3.85
5.99
6.30
0.52
4.24
2.85
6.63
3.22
6.86
5.48
5.96
4.63
5.49
3.55
3.60
4.51
5.80
1.46
1.33
7.71
4.51
6.65
2.05
7.88
5.65
5.41
5.29
7.63
6.53
2.17
2.21
4.57
9.13
2.48
5.44
4.51
7.52
5.67
4.31
6.09
0.98
7.23
4.65
4.43
1.78
5.90
3.41
8.91
6.15
6.09
6.11
6.91
4.49
4.16
5.20
3.25
6.17
3.40
1.67
5.74
7.77
7.25
5.46
9.41
3.54
5.29
5.25
4.23
3.70
4.96
6.37
3.82
8.00
5.83
8.21
4.63
2.86
1.35
6.83
5.89
8.89
0.94
3.51
1.64
6.50
7.48
4.61
6.04
5.81
2.79
6.93
