3.06
4.71
6.43
7.06
2.52
2.24
5.78
1.86
6.53
5.86
8.95
8.02
3.49
8.39
8.59
0.64
5.57
4.21
4.01
5.54
4.75
6.75
6.64
6.59
1.85
4.38
7.94
3.69
8.55
6.27
5.83
2.79
4.25
5.64
7.34
6.17
8.20
5.84
4.48
2.67
8.20
5.54
9.25
5.57
7.48
4.17
5.93
1.06
4.39
4.15
6.74
2.89
8.45
2.75
9.48
5.86
5.60
2.62
4.95
5.65
6.00
7.06
8.90
4.80
5.44
5.52
4.30
3.44
3.27
5.52
4.07
5.26
6.87
3.68
5.45
6.10
2.19
5.53
6.71
4.56
5.05
5.23
1.67
4.60
1.64
7.75
4.30
3.12
2.50
4.57
5.84
4.83
5.17
2.61
1.89
6.03
6.57
5.97
7.99
4.69
7.20
6.17
4.90
2.84
4.47
2.98
6.54
4.98
4.12
3.75
4.53
2.38
6.92
3.75
7.08
6.31
3.71
5.89
4.44
3.48
