5.87
1.37
4.97
5.88
6.19
3.40
4.70
5.35
5.47
2.55
4.61
5.45
2.66
6.25
3.27
6.28
1.86
4.88
6.90
5.34
8.90
9.34
5.93
4.29
2.77
5.25
0.80
8.01
6.95
6.72
3.16
6.44
4.51
11.3
5.88
4.34
2.90
6.64
4.58
3.97
3.57
7.62
7.30
10.5
7.82
6.46
6.62
4.78
3.23
2.43
3.75
4.00
2.40
5.48
6.86
2.21
5.39
4.06
4.33
4.18
0.44
5.09
5.85
5.40
6.49
4.86
6.53
5.17
4.85
7.80
9.28
6.47
4.42
6.08
2.35
4.55
2.31
6.68
7.83
4.14
4.48
3.32
5.97
6.26
5.71
5.29
6.81
6.20
9.08
6.43
4.29
3.60
4.22
9.66
5.81
5.01
4.23
1.89
5.44
2.79
4.48
4.43
5.17
4.78
0.05
3.91
5.22
5.11
5.25
4.16
7.88
5.14
5.97
6.93
7.75
3.60
5.10
10.0
0.63
1.46
