5.46
1.53
3.45
1.95
4.38
4.88
3.45
8.42
5.12
10.4
2.50
5.69
7.48
2.15
5.33
6.13
3.84
3.75
5.24
8.35
3.93
3.55
2.53
3.49
2.71
3.50
7.18
5.42
6.00
1.03
5.52
9.11
3.00
1.58
1.14
0.82
0.55
0.52
0.51
0.52
0.25
0.62
0.50
0.40
0.32
0.16
0.10
0.45
0.39
0.10
0.17
0.20
0.28
0.19
0.09
0.14
0.03
0.09
0.18
0.15
0.09
0.18
0.18
0.10
0.11
0.18
0.06
0.09
0.07
0.09
0.05
0.02
0.09
0.04
0.14
0.12
0.11
0.03
0.05
0.05
0.10
0.05
0.12
0.05
0.05
0.05
0.07
0.04
0.06
0.04
0.06
0.08
0.04
0.03
0.05
0.04
0.03
0.02
0.07
0.05
0.02
0.04
0.04
0.03
0.08
0.04
0.04
0.05
0.06
0.04
0.05
0.03
0.05
0.04
0.05
0.04
0.03
0.05
0.05
0.05
