5.53
5.43
5.60
6.05
6.06
6.73
1.95
2.09
4.60
2.31
5.64
4.19
6.16
4.32
1.63
9.95
2.80
5.04
4.99
3.68
5.72
3.41
4.36
9.54
5.11
5.36
3.94
4.81
7.15
4.26
3.89
3.94
7.58
6.59
1.11
3.88
5.29
7.23
3.74
3.21
5.54
4.55
3.48
7.10
6.21
11.1
3.62
4.08
2.23
5.65
6.39
3.70
6.20
6.87
4.13
3.78
6.30
5.04
7.70
6.87
8.63
4.23
3.12
2.94
4.10
4.37
2.91
3.24
1.57
2.62
3.85
8.86
5.19
2.41
1.34
3.50
5.46
1.82
4.54
2.41
9.60
2.94
1.96
4.86
7.29
5.64
7.20
6.64
7.82
2.64
2.71
4.21
6.57
4.54
4.44
2.42
5.12
5.44
7.33
7.31
5.56
3.06
5.08
6.58
5.29
5.97
8.49
6.94
5.46
2.99
3.75
6.20
10.4
5.23
7.34
2.16
2.16
4.66
4.17
3.28
