5.58
5.58
3.39
3.79
4.66
3.05
2.09
3.83
5.34
2.15
4.20
4.34
5.85
4.13
5.80
5.60
4.60
4.37
6.60
3.40
1.55
5.25
0.18
9.08
6.05
7.14
2.28
3.84
4.60
5.00
5.31
1.92
5.52
3.77
3.57
2.04
7.47
7.01
7.08
5.79
8.00
3.84
5.39
5.92
5.86
4.74
5.94
4.75
9.65
5.53
6.07
5.85
2.27
4.52
5.85
4.76
3.38
4.88
6.65
5.91
6.50
1.30
6.61
5.56
8.38
1.74
4.24
2.90
5.37
4.66
4.52
6.74
4.52
1.56
3.14
7.52
4.07
3.96
10.1
3.09
6.12
7.82
3.34
6.03
2.91
8.07
3.46
8.65
7.64
1.04
5.11
7.05
5.51
6.00
4.81
7.60
0.07
7.63
4.21
6.36
8.80
5.76
4.52
3.38
4.06
5.99
5.01
3.86
1.73
2.04
0.22
8.02
5.81
7.82
5.01
3.94
4.15
6.27
6.40
3.85
