4.96
3.23
5.13
4.98
6.44
4.11
4.54
4.20
6.90
7.28
5.29
4.68
6.56
4.55
1.47
4.39
3.50
4.01
4.15
4.27
5.60
6.31
2.35
5.88
0.97
0.10
3.37
2.29
7.96
5.99
7.17
2.51
4.87
4.40
5.95
7.50
5.27
4.44
5.94
6.18
7.26
8.66
9.18
2.55
7.00
5.05
8.68
5.25
5.86
6.48
4.29
4.26
2.08
5.66
6.22
3.77
7.52
4.12
5.78
6.86
7.44
4.56
7.51
2.99
2.83
5.80
4.45
6.14
1.91
3.55
7.52
4.72
5.08
5.07
4.17
6.93
6.33
4.91
3.75
4.57
6.25
3.56
3.41
5.70
4.89
4.22
7.33
2.74
7.18
7.88
6.89
1.88
5.29
3.29
4.48
8.38
4.79
5.93
4.67
2.75
1.32
5.43
5.54
7.18
1.64
4.82
2.67
6.56
4.10
1.46
3.70
5.00
4.02
5.69
3.42
6.27
9.64
5.95
7.76
4.53
