4.43
9.64
4.08
7.64
3.56
2.51
6.00
2.62
4.49
4.11
3.84
4.37
4.46
1.73
6.81
5.17
2.53
4.58
2.85
5.27
6.15
5.46
3.52
3.99
7.31
8.78
4.32
1.84
4.66
3.10
4.13
2.00
5.08
5.15
5.98
3.13
4.27
3.83
2.27
0.12
1.39
5.04
3.53
2.93
3.36
3.42
2.12
9.15
2.56
5.10
3.31
7.34
4.38
2.21
6.37
6.46
5.40
4.87
5.16
3.26
1.50
2.59
3.03
4.35
6.06
6.89
3.68
6.00
7.87
7.39
2.31
5.95
0.70
5.71
5.24
5.84
3.74
2.34
6.60
2.07
6.37
5.80
7.25
3.14
6.00
2.41
3.78
2.78
3.43
5.21
5.32
7.36
3.23
2.40
7.65
8.07
2.96
3.16
8.52
6.56
2.46
3.98
5.90
3.96
2.01
1.77
4.03
5.30
1.55
4.78
6.40
5.90
5.69
1.69
4.98
5.42
1.21
5.31
8.08
3.28
