3.99
8.14
6.89
5.45
5.72
2.14
3.62
4.37
6.20
4.76
6.89
5.36
1.96
4.73
2.93
4.18
5.11
4.41
7.10
5.46
3.68
4.57
3.32
5.63
6.90
7.21
6.27
2.46
4.38
6.61
5.02
0.56
8.08
5.15
9.31
7.86
3.70
3.70
5.52
9.41
0.16
4.55
6.29
0.84
5.74
0.98
10.1
2.43
2.69
4.25
4.75
9.33
1.80
5.88
3.95
7.25
6.39
2.15
6.03
7.93
6.33
5.37
3.26
6.60
6.10
5.36
4.22
7.02
1.72
9.94
1.90
2.39
2.97
4.06
5.72
4.59
7.32
2.05
3.93
4.67
1.61
6.19
6.66
4.99
4.95
4.75
7.02
2.86
1.45
4.34
8.48
0.55
3.01
3.95
5.64
5.42
4.81
5.93
6.49
5.48
4.89
4.00
4.42
8.50
5.34
7.20
2.85
0.75
6.07
6.78
7.02
5.67
2.76
7.81
9.22
2.07
4.35
6.14
5.49
4.08
