7.00
5.00
5.00
6.00
5.00
4.75
4.00
7.00
6.00
4.00
6.00
7.00
6.00
4.00
5.00
5.00
7.00
4.00
5.00
5.00
7.00
7.00
6.00
6.00
6.00
6.00
5.00
5.00
4.00
6.00
5.00
5.00
4.00
9.00
6.00
5.00
7.00
4.00
6.00
6.00
5.00
7.00
4.00
7.00
5.00
5.00
6.00
5.00
7.00
3.00
6.00
5.00
6.00
5.00
6.00
4.00
5.00
7.00
4.00
6.00
6.00
5.00
4.00
6.00
5.00
7.00
5.00
7.00
5.00
5.00
4.00
6.00
5.00
3.00
5.00
5.00
6.00
6.00
5.00
6.00
6.00
6.00
5.00
4.00
5.00
6.00
5.00
6.00
6.00
6.00
5.00
5.00
5.00
4.00
5.00
4.00
4.00
5.00
6.00
6.00
7.00
5.00
5.00
6.00
5.00
5.70
4.00
5.00
5.00
5.00
4.00
6.00
4.00
7.00
7.00
8.00
6.00
5.00
5.00
6.00
5.00
6.00
4.00
4.00
7.00
6.00
5.00
6.00
5.00
5.00
6.00
6.00
6.00
5.00
6.00
5.00
4.00
6.00
5.00
6.00
7.00
6.00
7.00
7.00
6.00
4.00
5.00
6.00
4.00
6.00
4.00
6.00
4.00
6.00
5.00
4.00
7.00
6.00
5.00
5.00
5.00
6.00
4.00
5.00
5.00
3.00
5.00
6.00
5.00
5.00
6.00
6.00
5.00
5.00
5.00
4.00
7.00
7.00
6.00
