348.04
359.0
349.0
347.0
339.0
356.39
353.0
352.0
349.0
364.0
368.0
329.0
347.0
352.0
333.0
358.0
359.0
381.0
344.0
361.0
358.0
353.0
359.0
344.0
335.0
350.0
346.0
346.0
344.0
348.0
359.0
333.0
365.0
357.0
349.0
346.0
342.0
348.0
331.0
357.0
337.0
362.0
370.0
333.0
347.0
358.0
359.0
351.0
362.0
369.0
348.0
352.0
377.0
357.0
343.0
343.0
362.0
373.0
366.0
350.0
358.0
368.0
363.0
342.21
339.47
343.0
361.0
362.0
354.0
366.0
364.0
345.0
371.0
345.0
349.0
365.0
362.0
354.0
357.0
364.0
350.0
370.0
322.0
347.0
346.0
374.0
350.0
359.0
353.0
348.0
356.0
345.0
372.0
360.0
372.0
349.78
377.0
348.0
369.0
369.0
358.99
341.0
337.0
376.0
350.81
363.49
352.85
345.0
350.0
344.0
357.0
356.0
334.0
362.0
353.0
333.0
344.0
359.0
367.0
358.0
346.0
350.0
361.0
351.0
361.0
351.0
342.0
349.0
353.0
361.0
358.0
350.0
361.0
333.0
369.0
345.0
370.0
366.0
354.0
343.0
345.0
341.0
360.0
372.0
361.0
355.0
351.0
348.0
375.0
355.0
374.0
346.0
336.0
339.0
354.0
348.0
367.0
370.0
354.0
355.0
358.0
359.0
351.0
319.0
331.0
365.0
347.0
368.0
350.0
361.0
355.0
367.0
348.0
365.0
350.0
357.0
363.0
351.0
386.0
316.0
