1728.36
1729.65
1781.99
1716.7
1704.34
1781.85
1807.55
1746.66
1770.39
1744.54
1843.28
1735.32
1763.8
1765.7
1817.39
1813.03
1767.51
1819.05
1760.41
1796.35
1815.91
1822.51
1797.47
1787.87
1797.14
1775.28
1808.0
1753.21
1755.93
1795.15
1794.07
1737.94
1778.87
1776.55
1776.54
1752.08
1781.76
1770.46
1760.05
1799.48
1787.37
1834.25
1826.19
1699.23
1774.82
1771.47
1834.73
1801.71
1808.77
1790.71
1745.2
1793.22
1830.99
1822.95
1752.17
1784.73
1776.01
1803.37
1785.29
1795.66
1782.57
1826.08
1817.19
1719.17
1618.26
1764.45
1818.53
1817.42
1812.89
1816.84
1792.15
1802.71
1801.81
1772.19
1744.61
1820.02
1825.18
1836.92
1807.97
1831.31
1796.53
1807.25
1713.02
1799.01
1814.99
1858.03
1813.42
1819.69
1770.55
1822.29
1812.62
1822.8
1815.09
1811.98
1827.97
1824.8
1852.84
1823.62
1839.0
1832.56
1790.94
1761.0
1796.0
1843.9
1800.69
1836.45
1811.23
1787.73
1759.38
1786.25
1798.95
1779.38
1764.79
1817.0
1819.0
1776.0
1759.97
1806.42
1802.41
1814.98
1819.64
1826.95
1798.12
1776.94
1790.56
1807.02
1853.98
1772.99
1780.5
1804.99
1772.98
1808.99
1863.0
1774.4
1860.61
1798.43
1834.38
1839.0
1782.97
1788.0
1813.97
1809.66
1783.79
1847.98
1855.33
1793.94
1791.88
1760.96
1826.92
1869.0
1807.96
1784.52
1772.69
1797.0
1791.99
1806.0
1807.69
1863.57
1741.94
1779.28
1866.94
1816.92
1814.25
1731.61
1732.19
1847.89
1761.98
1835.01
1782.94
1864.07
1830.5
1820.9
1808.03
1834.0
1806.97
1812.56
1813.0
1834.98
1845.95
1542.99
