334.81
336.78
369.09
340.35
354.27
373.85
373.85
346.94
356.15
339.99
378.47
347.97
342.92
346.91
385.31
368.38
343.9
361.95
361.45
359.08
377.24
371.0
337.0
363.0
369.0
349.0
372.88
352.33
351.0
358.98
368.76
358.98
351.62
348.54
355.54
370.3
375.54
357.72
358.37
354.97
371.44
360.09
368.19
333.91
368.94
358.98
377.87
369.56
367.98
350.56
352.21
358.86
351.61
375.88
354.47
361.47
337.77
358.66
368.08
361.93
363.16
374.29
371.48
338.26
317.6
352.15
373.27
350.65
355.46
363.1
344.96
376.6
372.98
371.79
352.98
378.78
364.39
357.96
364.48
379.65
364.95
352.94
349.91
364.0
376.78
360.92
360.48
368.32
349.08
363.88
371.25
369.35
343.09
356.0
350.98
350.0
369.93
382.96
373.0
350.39
359.0
352.0
359.0
378.0
355.0
383.0
360.99
354.0
360.99
367.0
360.99
349.2
372.43
367.0
361.0
357.0
364.0
370.99
348.74
366.99
379.97
379.78
347.98
373.0
359.0
374.0
380.0
366.0
343.0
362.0
370.0
362.0
380.0
370.0
369.09
351.0
380.01
380.0
352.0
353.0
372.0
362.3
358.99
364.99
366.9
358.99
354.99
345.99
350.97
384.0
360.0
344.9
387.0
371.0
357.0
368.0
348.0
381.02
340.01
359.93
379.0
365.0
345.0
348.0
337.96
381.95
345.0
356.0
359.0
381.0
375.81
378.0
382.01
364.0
370.0
360.0
359.0
356.0
363.0
317.99
