331.73
319.19
351.83
324.29
334.75
358.29
353.14
337.89
347.24
341.9
373.45
339.53
338.91
346.91
364.18
361.42
326.6
363.95
344.23
333.66
358.23
367.56
341.72
343.01
357.22
351.0
362.49
334.52
340.99
356.98
348.57
336.97
343.94
350.56
357.33
335.28
344.18
350.71
346.09
341.26
338.83
360.27
359.07
325.9
354.7
342.66
367.1
359.54
366.91
351.7
353.78
343.04
344.5
360.87
343.42
344.18
347.03
361.12
353.88
370.93
332.17
355.79
355.37
330.61
337.4
348.6
367.57
362.57
347.76
357.69
345.83
361.33
350.97
348.79
347.99
361.77
359.36
372.96
347.88
340.63
361.7
342.92
329.0
357.0
378.77
341.87
347.59
358.0
347.07
356.87
366.22
368.71
352.78
362.98
346.99
360.0
365.54
375.93
359.0
365.9
343.94
336.0
355.0
351.9
346.97
356.98
346.0
350.0
332.99
335.95
345.98
338.19
355.37
334.0
350.0
356.0
339.97
358.6
343.84
355.99
358.92
383.18
363.96
349.93
349.56
362.0
367.0
338.99
344.0
344.0
339.99
360.0
386.0
363.4
346.07
352.94
376.41
356.0
355.0
348.0
365.97
391.23
345.78
359.99
360.45
361.95
356.89
335.97
359.95
382.99
359.98
348.6
358.76
373.0
362.0
363.0
344.87
373.32
348.89
337.59
350.95
358.89
351.26
349.6
340.91
363.94
333.98
366.0
351.96
373.95
357.8
350.93
364.01
349.0
372.98
364.58
348.0
368.99
358.99
335.0
