344.78
338.68
339.07
341.06
335.32
329.55
352.56
340.83
358.0
352.65
354.36
345.82
359.97
348.88
360.9
357.23
365.01
358.15
352.73
365.61
354.44
359.95
365.75
352.86
358.92
350.28
351.63
359.36
348.94
365.19
348.74
344.99
357.31
338.45
346.67
344.5
346.04
352.03
353.59
365.26
368.1
357.89
354.93
356.42
325.18
348.83
370.76
360.61
342.88
368.45
331.21
356.32
378.89
355.2
343.28
361.08
354.21
336.59
336.33
347.8
363.24
368.0
350.34
345.51
330.37
361.67
349.69
365.2
370.67
353.05
374.36
350.78
334.86
342.61
338.64
347.47
362.43
365.0
353.61
383.03
348.88
362.39
344.11
365.01
360.45
393.24
379.35
360.37
352.4
373.54
367.15
356.74
366.22
361.0
369.0
382.0
379.37
338.91
358.0
356.0
363.01
355.0
372.0
356.0
381.55
362.65
370.0
372.99
359.0
370.3
350.98
356.99
336.99
370.0
373.0
355.0
353.0
356.83
366.83
376.0
368.75
354.99
348.18
354.01
353.0
358.02
379.98
356.0
373.5
366.99
360.99
364.99
361.0
345.0
386.45
370.49
349.96
356.0
348.98
369.0
366.0
350.13
353.02
382.0
374.98
359.0
358.0
356.0
365.0
369.01
343.99
375.02
338.93
356.0
360.99
356.0
372.82
361.23
348.04
351.76
394.99
359.03
387.99
361.01
349.32
377.0
372.0
368.01
355.98
364.12
363.89
371.97
343.01
372.0
345.99
369.98
366.0
369.99
350.96
320.0
