345.672
345.93
356.398
343.34
340.868
356.37
361.51
349.332
354.078
348.908
368.656
347.064
352.76
353.14
363.478
362.606
353.502
363.81
352.082
359.27
363.182
364.502
359.494
357.574
359.428
355.056
361.6
350.642
351.186
359.03
358.814
347.588
355.774
355.31
355.308
350.416
356.352
354.092
352.01
359.896
357.474
366.85
365.238
339.846
354.964
354.294
366.946
360.342
361.754
358.142
349.04
358.644
366.198
364.59
350.434
356.946
355.202
360.674
357.058
359.132
356.514
365.216
363.438
343.834
323.652
352.89
363.706
363.484
362.578
363.368
358.43
360.542
360.362
354.438
348.922
364.004
365.036
367.384
361.594
366.262
359.306
361.45
342.604
359.802
362.998
371.606
362.684
363.938
354.11
364.458
362.524
364.56
363.018
362.396
365.594
364.96
370.568
364.724
367.8
366.512
358.188
352.2
359.2
368.78
360.138
367.29
362.246
357.546
351.876
357.25
359.79
355.876
352.958
363.4
363.8
355.2
351.994
361.284
360.482
362.996
363.928
365.39
359.624
355.388
358.112
361.404
370.796
354.598
356.1
360.998
354.596
361.798
372.6
354.88
372.122
359.686
366.876
367.8
356.594
357.6
362.794
361.932
356.758
369.596
371.066
358.788
358.376
352.192
365.384
373.8
361.592
356.904
354.538
359.4
358.398
361.2
361.538
372.714
348.388
355.856
373.388
363.384
362.85
346.322
346.438
369.578
352.396
367.002
356.588
372.814
366.1
364.18
361.606
366.8
361.394
362.512
362.6
366.996
369.19
308.598
