369.0
376.0
373.0
364.0
341.0
363.77
375.0
369.0
360.0
346.0
369.0
373.0
375.0
371.0
374.0
368.0
373.0
354.0
358.0
377.0
368.0
371.0
394.0
385.0
377.0
375.0
375.0
361.0
371.0
366.0
369.0
364.0
361.0
382.0
368.0
356.0
374.0
362.0
371.0
380.99
372.0
394.0
374.0
350.0
379.0
363.0
360.0
361.0
369.0
351.0
360.0
383.0
378.99
374.0
368.0
375.0
375.0
374.0
361.0
365.0
366.0
360.0
377.0
362.58
293.42
359.03
367.0
377.0
385.0
377.0
363.0
369.0
372.0
364.0
356.0
367.0
377.0
387.0
385.0
364.0
371.0
379.0
368.0
366.0
352.99
388.0
376.0
374.0
369.0
380.0
352.0
383.0
381.0
372.0
389.0
383.02
361.0
377.82
380.0
391.27
366.0
377.0
373.0
382.0
366.36
370.33
381.39
365.74
356.4
369.0
384.0
379.0
366.0
384.0
382.0
375.0
359.0
361.0
376.0
358.0
366.0
359.0
377.0
349.0
368.0
362.0
385.0
363.0
367.0
371.0
344.0
372.0
375.0
363.0
390.0
379.0
358.0
381.0
372.99
375.0
365.0
365.0
366.0
369.0
392.0
359.0
371.0
375.0
376.0
378.0
369.99
370.0
352.0
358.0
358.0
371.0
375.0
378.0
351.0
375.0
384.0
375.0
379.0
354.0
373.0
360.0
364.0
377.0
366.0
384.0
378.0
353.0
371.0
384.0
368.0
361.0
377.0
389.0
387.0
254.0
