421.97
422.72
442.7
440.7
455.34
423.34
431.06
435.6
443.89
441.99
439.54
433.02
442.01
437.26
437.78
422.79
427.96
451.5
445.14
413.3
437.13
418.14
428.89
473.54
413.5
446.15
436.98
424.66
422.3
452.64
422.35
448.3
438.0
448.18
452.21
445.82
437.02
435.96
451.05
434.99
463.99
429.98
430.98
463.37
431.98
439.51
431.28
458.73
438.35
434.98
427.0
461.97
444.88
419.0
452.0
445.97
440.39
458.0
432.0
429.99
433.01
444.6
430.0
454.66
431.93
439.0
435.3
437.9
445.0
465.0
421.98
439.99
434.0
444.0
448.0
445.01
447.0
436.0
441.96
449.35
435.89
435.0
445.83
425.9
430.29
455.4
407.89
433.89
428.75
429.97
422.99
400.93
445.9
429.98
429.83
443.97
437.01
432.78
434.47
435.89
431.94
444.36
438.06
425.94
451.1
453.23
431.59
454.0
419.59
438.58
453.94
433.98
420.72
439.45
446.14
422.11
428.6
451.65
425.5
425.46
457.99
435.19
431.31
414.89
431.05
445.28
442.32
426.4
446.48
446.98
432.06
421.0
432.15
421.7
417.93
453.92
433.97
449.99
433.74
444.43
443.04
418.83
443.47
435.55
461.99
432.03
447.07
411.98
441.52
432.84
416.44
434.65
436.08
430.23
431.72
454.94
432.46
450.89
418.26
438.83
430.98
444.99
389.39
380.31
399.38
421.59
402.36
437.81
419.72
440.76
431.72
444.45
424.48
444.44
445.33
448.27
436.32
431.57
423.26
388.98
