416.97
438.0
445.0
448.0
421.0
429.0
418.0
458.0
448.0
430.0
444.0
438.0
428.0
433.0
416.0
462.0
441.0
436.0
435.0
434.0
430.0
434.0
429.0
446.0
444.0
432.0
435.0
423.0
451.0
445.0
452.0
423.0
445.0
421.0
437.0
431.0
433.39
440.41
419.4
445.0
452.0
448.0
473.0
445.0
448.0
417.0
448.0
449.0
418.0
446.0
441.0
404.0
439.0
436.0
430.0
448.0
450.0
445.0
451.0
441.0
426.0
412.0
420.0
436.0
428.0
446.0
426.0
446.0
432.0
423.0
416.0
451.0
407.0
432.0
423.0
459.0
449.0
459.0
437.0
434.0
439.0
443.0
443.0
448.0
437.0
430.01
438.0
438.0
430.0
438.0
425.0
437.0
452.0
444.0
433.0
448.0
427.0
416.0
434.0
447.0
430.0
461.0
439.0
424.0
440.0
437.0
429.0
438.0
402.0
437.0
445.0
452.0
454.0
443.0
442.0
434.0
444.0
438.0
435.0
402.0
421.0
435.0
415.0
440.0
417.0
420.0
419.0
423.0
428.0
434.0
422.0
437.0
432.0
444.0
441.0
424.0
424.0
439.0
438.0
425.0
440.0
436.0
437.0
442.0
430.0
446.0
431.0
437.0
423.0
437.99
442.0
423.0
432.0
438.0
444.0
432.0
430.0
457.0
436.0
425.0
425.72
410.64
409.72
392.4
371.82
370.53
382.96
428.0
441.0
442.0
447.0
429.0
438.0
430.0
421.0
443.0
440.99
428.0
428.0
355.0
