418.69
415.85
418.12
405.87
422.31
424.12
439.49
424.32
422.9
447.91
453.79
419.04
436.95
430.76
425.01
426.78
419.91
444.34
433.2
408.23
433.29
424.54
426.42
468.65
421.01
450.35
429.75
423.61
425.32
444.5
417.97
446.03
438.27
450.93
453.62
432.47
441.82
435.95
447.68
434.61
460.93
434.97
426.39
447.46
409.95
439.51
443.27
449.74
432.31
446.92
430.98
461.93
432.85
416.74
449.58
439.86
449.08
451.95
438.02
454.95
434.71
427.55
429.02
436.61
427.71
423.88
448.57
443.79
448.67
465.67
433.74
443.06
439.0
440.94
441.99
436.19
455.53
453.09
427.8
453.26
437.18
439.9
439.65
438.73
431.37
449.92
414.29
444.86
438.75
445.96
442.98
424.89
444.33
454.96
426.03
429.97
427.0
430.74
429.74
443.71
427.99
430.39
425.6
428.06
447.92
468.69
423.56
442.82
445.55
445.52
446.93
430.09
416.4
433.51
409.74
428.09
421.66
436.33
432.13
423.45
420.92
443.69
415.25
421.43
425.84
436.09
441.57
437.21
442.59
441.39
446.89
429.96
449.26
441.1
412.08
449.58
414.9
434.67
435.2
459.08
448.02
425.06
427.81
444.7
460.5
422.39
449.21
434.47
430.49
448.79
418.44
437.58
443.25
428.44
433.26
448.87
424.43
445.0
427.1
432.97
427.42
439.66
394.29
415.75
393.01
412.55
407.26
411.82
433.23
443.23
433.96
424.07
418.41
424.22
427.16
416.8
437.4
409.02
433.18
398.85
