416.62
443.0
417.0
435.0
389.0
417.0
433.0
406.99
408.0
411.0
429.0
399.0
411.0
414.0
440.0
423.0
422.0
414.0
426.0
425.0
409.0
410.0
423.0
455.0
429.0
418.0
417.0
412.0
419.0
427.0
423.0
439.0
405.0
409.0
415.0
413.0
413.64
396.39
410.0
405.0
409.0
416.0
436.0
434.0
416.0
441.0
415.0
413.0
421.0
413.0
407.0
402.0
412.0
420.0
407.0
418.0
412.0
427.0
430.0
407.0
417.0
414.0
397.0
438.0
416.0
440.0
405.0
438.0
435.0
420.0
429.0
438.0
400.0
400.0
436.0
445.0
419.0
414.0
413.0
416.0
436.0
417.0
428.0
424.0
414.0
437.0
423.0
411.0
412.0
419.0
413.0
444.0
433.0
415.0
433.0
427.0
422.0
413.0
404.0
425.01
415.0
442.0
395.0
407.0
432.0
418.0
429.0
393.0
410.0
417.0
425.0
408.0
428.0
400.0
434.0
414.0
419.0
411.0
418.0
420.0
407.0
430.0
415.0
416.0
420.0
419.0
405.0
432.0
421.0
430.0
400.0
413.0
405.0
402.0
407.0
402.0
395.0
430.0
427.0
427.0
401.0
424.0
406.0
387.0
421.0
417.0
414.99
402.0
421.0
413.0
419.0
409.0
426.0
418.0
410.0
388.0
406.0
435.0
423.99
425.0
418.22
422.64
403.85
407.02
400.66
378.65
414.82
397.0
434.0
423.0
417.0
446.0
431.0
429.0
422.0
429.0
427.99
413.0
390.0
406.0
