413.25
421.08
423.438
426.002
413.44
418.298
424.144
425.412
425.196
426.194
435.126
416.576
426.25
423.51
421.072
422.702
420.426
426.676
425.772
412.606
418.02
415.478
419.672
449.358
419.782
430.59
419.34
414.658
421.886
433.976
421.736
423.96
421.428
426.096
428.292
423.446
424.71
419.454
424.416
424.616
435.116
428.384
434.99
437.128
421.432
421.734
427.83
434.518
418.106
428.176
418.49
426.45
423.578
414.138
427.522
429.634
430.458
437.352
431.772
423.782
420.722
416.128
415.934
431.192
419.704
434.514
422.488
435.374
436.108
434.352
420.068
437.506
416.94
423.89
428.67
436.918
432.85
435.204
424.158
430.3
429.444
428.38
427.432
427.176
422.41
432.336
416.914
424.464
420.77
426.082
419.78
419.082
434.748
429.18
422.08
429.948
421.204
422.892
422.272
431.748
420.896
435.36
419.84
415.048
433.32
439.342
419.744
424.466
411.89
423.626
436.908
425.226
421.01
427.756
425.942
418.344
423.026
428.524
418.552
412.778
419.43
425.166
413.592
419.424
417.49
417.274
416.652
419.682
426.65
428.108
421.678
414.374
421.544
419.284
413.824
426.458
409.82
429.856
422.48
429.346
424.942
420.398
424.052
420.878
436.26
426.884
426.542
419.756
419.76
429.11
417.836
422.974
425.908
422.368
422.888
426.098
413.01
441.81
422.054
422.7
419.354
420.676
397.738
391.826
388.958
393.48
394.372
415.368
426.384
432.184
421.982
428.486
421.434
423.39
420.32
424.014
430.194
412.734
413.004
389.562
