392.0
385.83
394.37
400.44
379.55
398.03
399.17
402.15
403.19
400.07
409.3
393.82
413.29
402.53
386.57
378.94
391.26
387.54
389.52
382.5
380.68
390.71
391.05
403.6
391.4
406.45
377.97
390.02
391.81
400.74
393.36
363.47
380.87
401.37
383.63
394.94
397.68
388.56
393.95
403.48
389.66
412.97
408.58
395.81
401.23
371.65
401.6
402.12
380.87
399.98
386.47
402.35
389.16
378.95
399.03
396.34
400.82
404.81
407.84
385.97
392.89
382.49
403.65
390.69
394.88
423.69
397.57
411.18
419.87
398.09
399.62
415.48
404.7
402.51
394.36
399.39
393.72
413.93
401.03
398.89
399.15
407.0
380.68
399.25
399.39
389.35
401.39
394.57
394.35
397.48
394.93
388.59
398.51
401.96
388.54
400.8
393.01
421.94
409.15
407.13
399.55
399.05
401.54
390.24
395.58
419.79
385.57
394.51
382.31
380.03
413.67
402.06
385.93
422.82
397.83
393.52
401.87
405.64
382.13
392.98
390.24
381.95
391.4
404.8
393.56
366.0
375.37
379.8
395.18
388.17
407.44
370.91
389.31
387.62
391.11
402.79
381.23
395.62
378.46
391.22
392.65
398.1
405.98
395.14
407.81
417.0
390.44
413.33
382.79
412.93
393.3
410.64
392.21
397.17
395.46
406.68
372.16
421.16
404.92
391.7
394.43
385.45
391.44
363.65
379.92
384.08
364.46
402.21
403.97
411.93
380.23
398.91
395.28
389.29
386.11
383.0
408.27
382.08
390.58
398.98
