494.24
500.94
469.55
475.54
514.75
530.14
453.78
489.8
462.38
486.05
481.58
420.43
451.94
480.96
507.25
507.6
489.34
474.81
470.1
488.4
459.64
489.33
475.55
451.51
507.7
484.86
492.15
479.41
458.52
458.89
522.32
482.53
504.23
473.86
504.68
475.55
508.93
486.22
468.43
462.91
485.15
473.2
503.36
521.79
479.7
503.73
501.83
475.98
484.47
471.87
453.27
484.26
480.64
481.0
496.39
508.38
512.01
470.12
525.42
482.52
471.24
454.18
489.52
526.99
494.85
493.42
507.69
499.72
483.21
485.57
483.37
492.24
473.81
472.69
464.64
475.6
458.25
486.32
506.18
489.69
463.71
501.57
480.55
466.82
482.06
503.87
484.01
475.69
451.48
463.28
497.57
470.43
459.76
456.37
512.87
499.8
494.31
463.09
455.16
471.03
485.79
466.29
452.67
463.08
507.2
468.96
482.15
457.59
505.64
485.31
475.51
452.34
490.04
483.8
474.62
485.0
475.83
513.69
494.41
509.27
