8.00
8.00
9.01
9.01
8.00
8.00
7.00
6.00
9.00
7.00
13.0
10.0
6.00
8.00
7.00
8.00
10.0
8.00
9.01
8.00
10.0
11.0
9.00
8.00
7.00
8.00
9.00
7.00
8.00
7.00
8.00
4.00
4.00
8.00
5.00
2.00
7.00
8.00
6.00
4.00
14.0
10.0
5.00
7.00
8.00
9.00
9.00
6.00
5.00
5.00
8.00
6.00
6.00
5.00
4.00
6.00
13.0
6.00
8.00
8.00
6.00
9.00
4.00
6.00
5.00
8.00
10.0
5.00
10.0
8.00
7.00
8.00
6.00
8.00
8.00
10.0
7.00
5.00
6.00
7.00
6.00
6.00
5.00
8.00
10.0
9.00
7.00
8.00
7.00
6.00
7.00
5.00
6.00
4.00
5.00
8.00
6.00
9.01
5.00
2.00
5.00
6.00
5.00
9.00
11.0
7.00
7.00
7.00
5.00
9.01
12.0
9.00
5.00
7.00
10.0
9.00
5.00
10.0
7.00
9.00
6.00
9.00
4.00
4.00
6.00
5.00
5.00
7.00
7.00
8.00
7.00
8.00
6.00
6.00
9.00
8.00
6.00
5.00
10.0
8.00
6.00
10.0
6.00
6.00
6.00
7.00
7.00
3.00
6.00
6.00
9.01
12.0
4.00
9.01
7.00
7.00
8.00
9.01
8.00
12.0
4.00
9.00
5.00
4.00
10.0
8.00
6.00
3.00
6.00
6.00
8.00
8.00
9.00
10.0
10.0
11.0
4.00
5.00
6.00
9.00
9.00
4.00
10.0
8.00
6.00
7.00
6.00
6.00
6.00
6.00
8.00
9.00
8.00
6.00
8.00
9.00
8.00
6.00
5.00
8.00
8.00
7.00
10.0
5.00
7.00
10.0
9.01
10.0
5.00
6.00
6.00
6.00
7.00
5.00
7.00
9.01
5.00
8.00
8.00
7.00
8.00
5.00
7.00
8.00
8.00
7.00
8.00
8.00
8.00
5.00
8.00
11.0
11.0
6.00
4.00
6.00
8.00
7.00
7.00
8.00
10.0
7.00
5.00
6.00
9.00
8.00
6.00
6.00
6.00
7.00
7.00
5.00
9.00
9.00
9.01
7.00
6.00
11.0
4.00
8.00
8.00
8.00
7.00
8.00
9.00
6.00
6.00
6.00
8.00
8.00
7.00
7.00
10.0
8.00
9.00
9.00
3.00
8.00
10.0
10.0
7.00
8.00
10.0
8.00
8.00
6.00
5.00
8.00
8.00
9.01
8.00
7.00
8.00
7.00
6.00
9.00
11.0
5.00
6.00
10.0
