55.2
55.2
55.2
55.2
55.2
55.2
55.2
55.2
55.2
55.2
55.2
55.2
55.2
55.2
55.2
55.1
55.2
55.2
55.2
55.2
55.2
55.2
55.2
55.2
55.2
55.2
55.2
55.2
55.2
55.2
55.2
55.2
55.2
55.2
55.1
55.2
55.2
55.2
55.2
55.2
55.2
55.2
55.2
55.2
55.2
55.2
55.2
55.2
55.2
55.2
55.2
55.2
55.2
55.2
55.2
55.2
55.2
55.2
55.2
55.2
55.2
55.2
55.2
55.2
55.3
55.2
55.2
55.2
55.2
55.2
55.2
55.2
55.2
55.2
55.2
55.2
55.2
55.2
55.2
55.2
55.2
55.2
55.2
55.2
55.2
55.2
55.2
55.2
55.2
55.2
55.2
55.2
55.2
55.2
55.2
55.2
55.2
55.2
55.2
55.3
55.2
55.2
55.2
55.2
55.2
55.2
55.2
55.2
55.2
55.2
55.2
55.2
55.2
55.2
55.2
55.2
55.2
55.2
55.2
55.2
