10.0
7.00
3.00
6.00
8.00
8.00
5.00
7.00
8.00
9.00
12.0
7.00
6.00
4.00
6.00
4.00
7.00
7.00
8.00
7.00
6.00
4.00
9.00
7.00
5.00
7.00
5.00
12.0
7.00
5.00
6.00
7.00
6.00
8.00
9.00
7.00
7.00
5.00
10.0
6.00
4.00
9.00
7.00
7.00
9.00
7.00
4.00
4.00
6.00
8.00
8.00
9.00
7.00
10.0
10.0
11.0
7.00
5.00
5.00
7.00
10.0
4.00
5.00
8.00
8.00
8.00
7.00
7.00
7.00
7.00
6.00
9.00
9.00
7.00
4.00
9.00
8.00
10.0
4.00
10.0
6.00
4.00
6.00
9.00
7.00
7.00
10.0
7.00
11.0
5.00
8.00
5.00
4.00
5.00
11.0
8.00
10.0
9.00
7.00
6.00
9.00
9.00
9.00
11.0
7.00
9.00
9.00
5.00
9.00
7.00
5.00
8.00
7.00
9.00
5.00
7.00
11.0
9.00
7.00
8.00
7.00
9.00
10.0
7.00
6.00
7.00
7.00
9.00
8.00
7.00
8.00
4.00
7.00
8.00
7.00
7.00
5.00
9.00
5.00
8.00
5.00
6.00
8.00
3.00
3.00
10.0
11.0
8.00
9.00
12.0
5.00
10.0
5.00
9.00
4.00
9.00
9.00
9.00
7.00
6.00
6.00
12.0
9.00
8.00
7.00
11.0
5.00
14.0
6.00
4.00
7.00
6.00
7.00
10.0
7.00
7.00
7.00
10.0
4.00
6.00
