6.29
11.0
7.00
11.0
8.01
12.0
10.0
9.01
10.0
9.01
11.0
7.99
7.96
7.92
7.20
5.96
4.97
7.27
6.98
7.06
6.96
5.94
10.0
7.04
9.01
12.2
10.8
9.33
9.08
9.50
10.0
13.1
9.01
9.32
5.97
8.79
8.22
7.94
9.62
11.0
9.01
9.97
7.01
11.0
8.00
8.00
7.01
10.0
8.01
9.79
7.99
8.40
8.78
8.60
8.00
10.5
9.47
4.00
11.0
9.89
7.89
8.93
9.95
9.59
6.00
7.93
9.98
7.94
9.97
8.00
9.91
8.92
8.00
8.01
8.08
6.94
7.37
7.94
8.00
9.62
8.86
8.63
10.0
8.32
12.0
9.54
11.8
8.00
10.7
11.0
10.0
10.0
8.97
9.00
7.93
7.00
10.0
7.96
7.00
8.96
9.99
7.95
7.00
9.95
7.96
8.92
9.31
8.99
12.0
8.89
9.91
9.73
10.6
8.94
9.99
12.0
7.99
4.98
11.6
9.19
12.0
8.93
6.97
5.99
8.15
8.91
8.99
7.72
8.25
6.96
5.94
7.67
8.99
7.56
7.14
7.03
7.57
7.52
8.00
10.9
9.74
8.52
6.99
9.01
7.00
7.92
6.64
8.56
9.01
9.00
14.0
8.00
9.01
7.01
12.0
13.0
12.0
9.00
12.0
10.0
10.0
9.00
7.00
11.0
15.0
7.00
10.0
9.00
11.0
11.0
9.01
9.00
9.00
13.0
9.00
11.0
8.00
7.00
12.0
9.00
