6.97
7.87
5.20
7.77
5.91
10.1
7.16
9.00
10.8
10.7
6.99
8.25
9.35
10.1
7.71
5.83
6.62
7.00
6.61
5.00
3.39
6.00
7.53
3.76
6.88
6.00
10.0
6.00
6.58
6.48
5.79
12.0
8.65
6.39
8.00
5.57
8.00
9.00
10.6
8.00
6.04
9.54
7.00
10.7
8.10
6.90
9.00
11.0
5.27
10.0
6.94
7.00
7.90
9.00
11.0
11.0
9.00
10.0
8.00
7.00
10.0
9.00
8.00
8.00
11.0
10.0
11.0
11.0
12.0
7.00
12.0
9.00
11.0
11.0
9.00
8.00
7.00
10.0
6.00
9.00
8.00
13.0
5.00
11.0
7.00
7.00
5.00
8.00
9.00
10.0
8.00
8.00
10.0
7.00
6.00
7.00
9.00
8.00
10.0
10.0
11.0
8.00
8.00
9.00
8.00
10.0
8.00
9.00
10.0
10.0
5.00
9.01
12.0
9.00
9.00
9.00
4.00
5.00
10.0
7.00
7.00
5.77
15.0
11.0
8.00
11.0
9.00
8.00
6.83
9.00
10.5
12.0
6.00
12.0
7.00
12.0
10.0
9.00
12.0
10.0
13.0
11.0
10.0
7.00
8.00
8.00
7.00
8.00
6.00
9.00
12.0
11.0
10.0
8.00
7.00
5.00
8.00
6.00
12.0
9.00
9.00
9.00
6.00
10.0
10.0
6.00
5.00
8.00
9.00
7.00
6.00
10.0
9.00
11.0
8.00
10.0
8.00
7.00
7.00
6.00
