6.65
10.1
10.0
11.0
14.0
8.01
6.01
11.0
8.01
8.01
12.0
7.01
9.54
7.84
7.52
4.98
7.95
7.25
8.01
7.18
7.86
8.35
8.00
8.82
6.93
8.80
10.4
8.47
7.70
10.8
8.03
8.06
9.80
7.72
8.43
6.99
10.1
8.27
9.72
9.07
9.06
8.04
11.0
11.0
9.01
11.1
8.05
11.1
11.1
12.1
10.0
10.1
12.1
10.1
8.01
12.0
11.1
8.03
9.05
8.05
10.0
6.01
10.0
7.05
7.01
14.0
8.05
12.1
13.0
9.00
13.0
12.0
11.9
7.43
8.11
7.51
8.31
10.0
7.00
7.68
6.96
10.0
8.23
11.0
7.96
8.97
9.00
9.87
8.00
10.0
8.00
8.83
7.00
11.0
8.00
10.0
10.1
11.0
5.97
10.2
6.00
11.0
9.37
7.99
8.92
8.71
9.88
10.0
8.99
7.99
9.99
7.98
9.41
7.00
8.93
8.99
9.95
4.99
9.90
11.0
9.02
6.99
6.99
8.97
9.68
10.0
8.11
3.98
7.35
7.68
7.52
10.0
7.27
5.93
7.25
6.92
8.37
5.00
9.30
9.96
9.01
9.01
10.0
5.00
6.97
5.93
7.45
10.0
4.03
9.92
9.00
9.00
9.00
10.0
11.0
7.97
10.0
7.02
8.00
8.00
13.0
8.00
9.00
10.0
10.0
7.00
10.0
10.0
10.0
5.00
10.0
9.00
14.0
11.0
13.0
10.0
11.0
11.0
8.00
8.00
