11.1
8.08
9.01
12.0
10.0
12.1
6.07
7.05
10.0
13.0
8.04
8.05
9.08
10.1
10.1
12.1
9.07
10.1
10.0
10.1
9.07
11.1
10.1
12.1
9.07
7.99
9.99
10.0
13.1
10.0
10.0
10.0
6.00
13.0
11.0
7.01
11.0
10.1
9.05
9.02
7.03
10.0
11.0
8.00
10.0
7.02
13.0
8.03
11.1
11.1
10.1
11.1
11.1
10.1
10.1
9.05
13.1
9.00
15.0
10.0
9.10
9.02
11.1
10.1
6.01
10.0
10.1
12.1
10.0
10.0
11.1
10.0
9.01
11.1
12.1
11.1
10.1
14.1
11.0
9.04
8.06
7.04
11.0
10.0
11.0
11.1
12.1
6.00
7.05
9.00
10.0
6.00
11.1
13.0
11.1
10.1
12.0
12.1
9.02
5.02
3.01
9.05
9.00
9.01
7.02
5.02
11.0
10.0
14.0
7.00
9.01
8.01
6.01
11.0
9.00
11.0
9.01
12.0
6.00
9.00
10.0
8.00
4.00
8.94
7.54
12.0
7.69
8.35
7.31
7.50
7.32
10.0
5.00
12.0
7.27
6.95
7.69
10.0
7.02
9.00
11.1
9.84
7.01
11.0
9.01
9.13
7.99
6.97
9.85
11.0
10.0
8.66
7.98
6.99
11.6
10.0
7.00
7.93
9.00
8.92
10.0
11.0
10.0
7.00
9.00
11.0
10.0
14.0
9.00
13.0
11.0
15.0
10.0
9.00
10.0
9.00
10.0
7.96
8.00
7.00
