5.69
5.99
5.97
7.97
7.63
6.71
7.09
7.93
4.97
8.14
7.74
7.44
8.88
6.44
2.99
3.98
6.62
5.88
7.56
6.04
6.22
6.42
6.41
5.96
7.99
6.99
6.45
6.71
6.05
7.99
7.01
11.0
10.0
7.01
8.03
10.0
3.00
7.00
9.20
7.97
5.99
5.99
7.99
9.35
5.97
8.36
7.82
5.95
1.99
8.03
6.97
6.99
8.08
8.55
7.90
6.99
7.92
8.28
4.99
5.94
7.99
4.95
5.97
7.60
9.99
4.99
5.98
6.94
5.95
7.75
8.49
5.95
8.32
7.24
7.51
7.40
7.54
6.95
8.00
10.1
9.64
5.99
6.00
6.95
7.00
14.0
7.99
9.00
6.99
8.00
8.00
8.00
7.94
8.00
8.99
8.02
8.00
7.76
10.1
8.70
8.01
6.00
10.0
7.84
8.02
7.62
4.97
8.64
10.0
10.0
7.97
5.98
8.97
9.00
9.00
10.0
9.01
11.0
10.1
7.06
10.0
5.01
7.06
5.03
9.09
11.0
10.1
10.1
8.04
9.01
13.0
6.00
10.0
11.1
8.01
7.03
10.1
7.03
10.0
6.04
13.0
8.06
10.0
4.02
5.03
10.1
7.06
8.07
10.0
8.04
8.04
7.01
9.07
8.04
5.02
8.01
6.00
10.0
9.01
7.00
9.01
12.0
9.00
7.01
11.1
8.00
13.0
6.00
11.0
7.00
6.03
9.01
12.0
7.00
10.0
10.0
9.05
8.00
8.05
10.0
