7.99
8.00
7.00
8.07
5.05
8.00
7.07
9.09
6.06
8.07
10.1
6.06
6.05
10.1
6.01
9.99
8.62
4.01
4.99
10.1
7.07
11.1
5.05
9.08
5.04
6.05
9.09
14.1
7.06
10.1
6.05
10.1
5.04
7.06
10.1
12.1
9.01
10.1
10.0
8.01
8.01
10.0
7.01
7.01
8.03
6.03
8.01
7.03
10.0
11.1
10.0
9.01
9.01
11.0
10.1
5.03
5.04
6.05
6.03
10.1
5.04
9.05
8.00
9.08
6.04
6.05
7.04
8.06
10.1
6.00
10.1
8.06
7.08
6.05
11.1
14.1
9.01
5.01
11.0
7.01
6.03
4.02
9.00
10.1
10.0
7.02
11.0
12.0
9.05
10.0
7.00
10.0
10.1
6.05
7.01
14.1
8.02
7.06
9.06
9.07
7.05
7.01
7.00
7.05
7.06
11.1
10.1
10.1
9.00
7.01
10.0
10.0
6.05
10.0
9.00
7.00
12.0
9.00
10.0
8.01
8.00
10.0
9.00
9.00
11.0
7.01
7.99
10.0
6.97
5.99
10.0
7.00
11.0
7.01
4.99
8.95
7.69
9.43
8.00
8.73
5.99
8.65
8.21
8.74
5.95
7.69
6.87
6.93
7.96
7.98
7.96
5.99
8.74
10.4
10.4
10.1
8.73
4.97
8.37
8.61
5.94
8.00
8.99
5.94
7.91
7.00
6.99
13.0
8.00
7.00
7.96
5.99
8.32
7.00
5.99
8.27
8.85
6.00
7.00
6.00
