7.00
7.00
9.00
10.0
9.00
8.00
9.00
9.00
8.00
7.00
10.0
7.00
9.00
9.00
7.00
9.00
10.0
7.00
8.00
8.99
7.00
9.00
11.0
8.00
9.00
8.00
9.00
8.00
10.0
9.00
8.00
10.0
10.0
8.00
8.00
8.00
10.0
7.00
9.00
9.00
9.00
9.00
9.00
8.00
8.00
9.00
9.00
7.00
7.00
8.00
7.00
7.00
2.43
10.0
7.00
9.00
8.00
8.00
10.0
9.00
9.00
8.00
10.0
10.0
9.00
7.00
10.0
10.0
7.00
8.00
9.00
8.00
8.00
8.00
10.0
9.00
9.00
8.00
8.00
9.00
7.00
8.00
10.0
9.00
9.00
9.00
9.00
9.00
8.00
8.00
8.99
7.00
10.0
7.00
8.00
9.00
9.00
9.00
7.00
10.0
8.00
9.00
6.00
7.00
10.0
7.00
9.00
8.00
9.00
8.00
7.00
9.00
7.00
9.00
7.00
8.00
8.00
9.00
9.99
8.00
9.00
7.61
7.00
7.00
10.0
8.00
9.00
6.00
7.00
6.00
8.00
9.00
7.00
7.00
9.00
7.00
8.00
11.0
9.00
8.00
8.00
9.00
7.00
9.00
9.00
8.00
7.00
7.00
9.00
10.0
8.00
9.00
8.00
7.00
9.00
10.0
9.00
8.00
9.00
10.0
8.00
10.0
10.0
9.00
8.00
8.00
8.99
9.00
7.00
10.0
9.00
7.00
8.00
9.00
6.00
7.00
10.0
10.0
8.00
