7.94
7.71
7.72
6.69
12.8
5.31
7.31
7.00
5.91
3.92
6.94
7.35
8.23
5.05
11.3
5.94
9.29
12.0
8.18
8.00
6.04
7.00
6.82
9.68
9.69
11.0
5.00
7.00
9.17
10.2
11.7
11.0
11.5
10.0
8.00
6.56
9.00
8.00
6.85
8.00
5.18
11.6
8.00
9.31
9.29
10.7
6.00
10.0
6.98
10.0
6.69
7.00
8.40
11.0
9.98
8.97
7.00
10.0
9.00
10.0
8.96
12.0
11.0
10.0
14.0
7.00
9.00
12.0
6.00
7.00
10.0
5.00
6.00
12.0
8.00
9.00
9.00
8.00
9.00
9.00
7.00
7.00
7.00
9.00
9.00
12.0
8.00
10.0
10.0
10.0
8.00
12.0
8.00
11.0
10.0
5.00
8.00
10.0
7.00
12.0
9.00
5.00
8.00
11.0
4.00
12.0
8.00
10.0
15.0
6.00
9.00
6.00
12.0
7.00
6.00
12.0
5.00
7.00
8.00
10.0
6.00
9.28
12.0
9.00
11.0
6.00
12.0
6.00
5.90
8.00
8.57
7.82
10.0
9.00
6.00
8.00
11.0
10.0
8.00
7.00
8.82
7.00
8.00
9.00
7.00
12.0
11.0
9.00
4.00
6.00
9.00
6.00
6.00
10.0
10.0
10.0
10.0
7.88
8.77
8.91
9.89
9.00
7.00
11.0
9.00
7.00
7.00
11.0
9.00
10.0
7.00
14.0
10.0
9.00
6.00
8.00
11.0
5.00
6.00
10.0
