8.22
6.75
7.92
10.0
9.00
12.0
8.75
9.00
11.0
9.00
12.0
10.0
9.64
10.0
10.0
9.34
10.1
11.0
11.7
8.73
11.0
13.8
7.96
7.00
8.87
13.0
9.00
7.85
12.0
11.0
9.00
8.00
8.33
11.0
9.32
10.8
9.69
12.9
12.7
8.00
11.9
8.00
9.00
10.2
7.00
9.00
11.0
10.0
12.0
9.00
9.00
8.00
11.0
7.00
13.0
11.0
12.0
10.0
13.0
11.0
9.00
8.00
12.0
9.00
10.0
9.00
8.00
7.00
10.0
8.00
8.00
12.0
8.00
12.0
8.00
9.00
10.0
11.0
9.00
9.00
11.0
11.0
5.00
11.0
6.00
8.00
8.00
8.00
13.0
8.00
10.0
5.00
12.0
10.0
13.0
8.00
9.00
8.00
8.00
7.00
9.00
8.00
8.00
11.0
7.00
6.00
11.0
8.00
4.00
12.0
10.0
12.0
8.00
11.0
7.00
9.00
8.00
10.0
10.0
10.0
13.0
8.67
11.0
12.0
5.00
12.0
8.00
11.0
7.81
7.40
9.50
7.00
7.00
11.0
11.0
6.00
8.00
10.0
10.0
10.4
8.00
8.00
11.0
6.00
12.0
9.00
11.0
12.0
4.00
9.00
8.00
11.0
12.0
9.00
5.00
11.0
9.00
12.0
9.00
9.00
7.00
7.00
11.0
9.00
5.00
11.0
8.00
7.00
7.00
11.0
9.00
11.0
10.0
7.00
10.0
6.00
11.0
10.0
10.0
4.00
