8.21
9.23
6.85
11.0
11.0
7.00
8.04
10.0
12.0
9.00
10.0
8.00
8.45
12.0
8.00
9.57
10.3
11.0
7.88
11.2
8.00
7.90
13.3
9.00
8.08
7.00
11.0
9.80
9.00
9.00
11.0
8.00
10.3
11.0
13.9
11.0
6.00
6.95
10.8
9.00
10.0
11.0
7.00
9.72
11.0
9.00
7.00
8.00
7.00
9.00
11.0
12.0
10.0
8.00
9.00
6.00
6.00
11.0
9.00
12.0
11.0
12.0
8.00
10.0
9.00
9.00
7.00
11.0
9.00
8.00
11.0
6.00
9.00
9.00
8.00
9.00
9.00
9.00
9.00
6.00
11.0
10.0
9.00
9.00
11.0
5.00
10.0
10.0
7.00
11.0
11.0
6.00
13.0
8.00
9.00
9.00
13.0
14.0
14.0
12.0
10.0
6.00
7.00
8.00
9.00
9.00
9.00
8.00
13.0
9.00
11.0
11.0
14.0
12.0
5.00
12.0
10.8
7.98
8.00
9.00
10.0
9.30
12.0
8.00
11.0
8.00
9.00
11.0
10.0
13.6
11.7
7.00
10.0
8.00
11.0
10.0
10.0
6.00
11.0
9.60
9.00
7.00
9.00
7.00
12.0
9.00
11.0
15.0
8.00
14.0
9.00
8.00
12.9
8.00
12.0
8.00
7.88
11.0
9.00
9.00
12.0
10.0
15.0
11.0
8.00
10.0
10.0
9.00
12.0
11.0
11.0
12.0
8.00
11.0
10.0
10.0
10.0
10.0
8.00
7.00
