9.00
9.93
8.83
10.7
6.94
8.45
8.22
6.00
9.66
6.82
9.92
9.29
10.8
9.98
6.58
12.4
9.16
10.0
6.47
8.00
7.05
11.0
8.00
8.64
7.61
5.00
6.00
9.00
9.75
7.86
6.48
10.8
6.44
13.5
11.0
13.5
9.68
7.00
7.55
11.0
12.8
5.07
10.0
6.61
10.0
5.18
10.0
11.0
11.6
8.00
10.7
10.0
11.8
11.0
11.0
8.00
7.00
7.00
9.00
11.0
8.00
11.0
10.0
5.00
9.00
10.0
10.0
12.0
7.00
9.00
10.0
9.00
10.0
7.00
9.00
9.00
11.0
10.0
14.0
15.0
4.00
12.0
8.00
12.0
8.00
10.0
11.0
9.00
13.0
11.0
10.0
11.0
8.00
7.00
11.9
9.00
11.0
9.00
9.00
13.0
9.00
11.0
9.00
10.0
6.00
10.0
7.00
10.0
9.00
10.0
12.0
10.0
8.00
10.0
11.0
10.0
10.0
8.00
11.0
10.0
12.0
14.3
9.00
12.0
12.0
11.0
11.0
13.0
10.8
9.00
8.48
9.00
9.00
6.00
10.0
8.00
9.00
9.00
8.00
8.00
10.0
10.0
9.00
13.0
10.0
9.00
7.00
6.00
9.00
9.00
10.0
7.00
10.0
11.0
8.00
9.00
12.0
11.0
11.7
6.94
12.8
14.0
11.0
11.0
9.00
7.00
9.00
11.0
7.00
8.00
9.00
11.0
11.0
10.0
10.0
12.0
9.00
9.00
14.0
8.00
