7.41
8.04
7.99
7.97
8.99
8.67
8.00
8.40
8.89
9.11
7.77
8.84
8.99
9.58
8.60
7.18
6.98
7.20
7.63
7.04
6.92
7.51
6.96
7.68
7.68
6.46
6.61
7.26
6.97
7.94
7.77
8.02
5.96
7.59
8.05
10.8
7.99
8.06
9.01
5.99
9.03
6.95
8.96
9.94
8.35
8.09
8.33
8.12
8.13
7.86
9.99
15.1
7.01
10.1
11.0
5.04
11.1
9.01
10.0
12.1
12.0
12.1
11.0
7.05
7.01
9.05
4.02
9.03
7.03
11.0
9.00
10.0
7.01
9.01
7.01
12.1
11.1
9.01
12.0
10.0
8.01
6.01
6.98
7.00
10.0
9.00
5.00
7.94
8.95
9.00
5.99
8.74
6.99
8.97
7.97
11.0
6.96
7.94
5.97
8.78
5.96
11.0
10.0
7.01
10.0
10.3
9.58
6.00
6.95
9.96
5.99
10.1
7.96
13.0
7.96
9.99
7.96
8.86
9.93
7.00
8.93
9.09
9.98
8.34
9.36
9.00
9.99
7.95
7.93
8.92
7.91
7.00
8.99
8.99
10.5
10.7
8.00
9.00
8.99
7.99
9.90
9.70
8.99
10.0
7.75
5.96
8.71
11.9
9.47
11.0
7.94
7.96
8.92
8.92
9.99
9.00
11.0
9.49
8.93
7.94
7.00
10.0
13.0
12.0
11.0
6.00
7.00
9.00
7.95
7.96
9.99
6.99
6.99
8.00
7.91
9.25
8.95
8.13
7.00
8.00
