6.17
5.93
8.25
7.82
7.30
7.82
6.44
5.96
8.69
11.0
11.0
8.99
11.0
7.00
11.0
3.99
4.97
7.76
4.98
5.95
6.27
6.94
6.56
4.98
4.97
7.00
6.04
7.57
5.98
6.95
6.79
6.97
6.98
5.98
7.33
10.4
6.98
8.33
5.97
5.99
6.96
5.96
7.97
7.95
11.2
7.99
7.99
10.6
8.99
8.99
9.49
7.61
8.03
8.64
9.58
7.94
7.57
8.80
4.99
8.24
8.75
9.87
7.95
7.87
6.93
9.16
4.94
2.97
7.97
10.0
5.97
7.99
7.23
7.42
5.94
7.39
7.73
8.26
5.00
5.97
4.98
8.98
5.00
10.0
10.0
5.97
5.99
7.00
8.38
9.87
5.00
3.98
7.52
8.34
6.94
7.94
11.0
7.81
8.00
9.01
7.01
9.00
9.00
7.92
7.47
7.64
7.88
10.0
5.00
9.00
9.00
7.00
12.0
9.00
8.00
9.01
5.00
9.00
5.00
11.0
8.00
4.01
9.00
8.00
8.44
8.01
8.44
10.7
6.97
8.99
6.00
9.01
11.0
5.97
5.99
8.05
7.81
7.00
7.00
8.39
4.97
6.93
8.95
6.96
10.4
6.96
6.91
7.89
8.99
7.99
9.99
6.99
10.1
9.04
8.36
7.94
8.81
7.93
10.1
8.02
7.95
9.00
7.97
9.99
5.97
8.74
5.99
6.00
10.0
8.00
10.0
8.00
8.00
12.0
7.00
10.0
10.0
7.00
9.00
6.00
