442.86
464.93
426.34
525.95
478.3
474.01
452.37
437.51
489.54
461.83
476.12
470.5
466.8
472.7
474.51
467.2
439.37
449.67
521.45
455.59
477.77
463.71
491.85
455.51
441.89
469.41
455.81
468.28
485.82
472.14
504.23
440.16
477.7
482.76
482.98
478.6
470.33
494.42
439.1
482.77
465.48
506.41
456.27
493.14
496.77
466.38
480.3
429.44
452.49
469.49
472.59
467.31
469.21
472.89
489.79
489.44
456.14
466.45
462.44
463.25
462.4
418.53
474.29
464.01
474.11
482.85
464.25
479.18
482.74
450.2
489.75
465.17
479.08
455.94
444.24
473.31
452.84
473.74
471.72
462.78
489.39
462.56
454.05
435.78
443.63
464.1
484.46
454.92
470.77
446.04
462.56
436.72
481.21
453.15
453.29
461.29
464.41
451.73
492.87
494.22
437.73
480.83
432.09
468.36
440.58
455.66
448.34
476.74
448.87
485.89
469.05
443.79
448.55
461.95
479.27
491.77
457.13
490.75
475.81
463.18
