8.00
8.00
7.00
12.0
11.4
10.0
7.00
10.0
7.12
4.00
6.00
7.00
7.00
8.00
6.87
7.06
10.7
9.00
10.8
9.00
8.00
7.96
10.0
9.03
9.22
10.0
6.61
9.71
9.00
6.00
7.00
8.00
9.00
7.00
10.0
11.0
8.00
12.0
9.00
8.00
9.00
8.00
9.00
11.4
10.0
9.00
13.0
11.0
9.00
10.0
8.00
7.02
9.00
8.92
11.0
9.69
7.00
7.00
9.00
11.0
8.00
7.00
8.21
6.00
12.0
5.00
7.00
11.0
11.3
11.0
9.89
9.74
9.00
8.00
8.00
10.0
10.0
11.0
9.00
10.0
11.0
9.00
9.00
9.00
12.0
7.00
12.8
10.0
7.00
9.00
9.00
10.0
8.76
8.00
8.00
9.00
12.0
7.00
10.0
9.00
10.0
9.00
8.00
9.00
10.0
15.0
4.00
11.0
6.00
11.0
8.00
7.00
10.0
13.0
9.00
7.00
11.0
9.00
12.0
8.00
9.00
13.0
10.0
8.00
8.00
7.00
10.0
8.00
13.0
8.00
11.0
9.00
9.00
12.0
10.0
8.00
7.00
9.00
10.0
12.0
9.00
13.0
6.00
9.00
10.0
11.0
10.0
9.00
8.00
7.00
9.00
8.00
12.0
9.00
7.00
10.0
10.0
10.0
10.0
11.0
9.00
7.00
9.00
8.00
5.00
5.00
9.00
11.0
8.00
9.00
10.0
11.0
9.00
9.00
10.0
9.00
13.0
13.0
9.00
5.00
