7.43
9.26
8.61
7.98
9.27
8.85
10.5
8.95
11.8
5.99
7.95
6.96
5.00
12.9
6.00
7.00
8.00
7.00
9.00
9.01
13.0
8.00
5.00
10.0
12.0
13.0
10.0
9.00
8.00
9.00
13.0
7.00
8.00
9.01
10.0
10.0
9.00
9.01
13.0
9.01
11.0
11.1
12.0
7.01
11.0
11.0
10.0
9.01
8.00
10.0
9.01
9.00
9.39
8.56
9.00
9.07
8.95
8.17
9.67
7.93
10.0
10.9
8.77
7.97
6.96
8.31
13.0
7.96
8.45
8.14
6.97
9.00
11.0
9.20
8.99
7.96
8.53
7.96
9.00
8.98
6.00
8.97
5.96
12.0
7.00
8.00
9.25
8.55
8.73
9.97
12.0
9.57
11.0
14.0
7.00
9.00
9.00
11.0
7.00
9.00
8.00
6.00
12.0
10.0
10.0
14.0
9.00
10.0
9.00
12.0
10.0
16.0
10.0
8.00
8.00
9.00
13.0
8.00
13.0
7.99
11.0
9.99
9.99
11.0
13.0
12.0
11.0
7.00
5.00
11.0
5.00
12.0
12.0
9.00
9.00
12.0
12.0
13.0
11.0
10.0
7.00
9.00
7.00
8.00
12.0
12.0
11.0
10.0
11.0
10.0
11.0
9.00
8.00
11.0
9.00
8.00
9.00
8.00
8.01
5.00
10.0
10.0
11.0
8.00
8.01
12.0
9.00
11.0
10.0
11.0
9.01
11.0
9.01
9.00
9.00
8.00
9.00
9.00
8.01
12.0
