7.32
5.96
9.34
5.96
9.22
8.99
5.99
13.0
7.99
7.99
13.0
8.00
12.0
9.00
12.0
6.00
10.0
11.0
11.0
7.00
10.0
9.00
12.0
9.00
11.0
10.0
11.0
11.0
10.0
13.0
8.01
5.00
8.01
9.00
11.0
8.00
7.99
11.0
8.00
8.99
9.40
9.99
10.9
10.6
7.94
7.95
8.28
9.99
10.0
8.75
7.97
8.55
9.91
8.99
9.94
8.00
7.86
7.99
8.99
11.0
4.00
7.00
11.0
11.0
9.53
11.0
7.98
11.0
10.0
9.01
7.00
9.01
10.0
11.0
9.01
10.0
14.0
5.00
9.01
9.00
12.0
11.0
10.1
10.0
8.01
10.0
13.0
7.01
8.05
9.00
10.0
9.06
9.00
7.00
11.0
12.0
11.0
10.0
11.0
10.9
11.0
5.00
5.00
10.9
9.00
7.99
10.0
8.00
7.00
12.0
12.0
11.0
13.0
7.00
6.00
12.0
6.97
8.98
9.00
12.0
8.96
11.9
8.00
7.93
10.0
11.0
7.00
7.99
10.0
12.0
7.99
8.00
12.0
11.4
11.0
11.0
5.00
6.00
11.0
11.0
8.99
9.00
8.98
8.00
9.00
8.00
12.0
10.0
12.0
12.0
12.0
9.99
12.0
13.0
9.00
10.0
12.0
7.00
10.0
10.0
7.99
10.0
8.00
9.00
9.00
11.0
10.0
10.0
10.0
9.01
9.01
12.0
8.00
12.0
6.00
14.0
7.00
10.0
10.0
8.00
