4.86
10.0
9.00
10.2
10.3
10.0
11.2
10.0
9.25
9.00
11.0
12.0
7.00
11.0
14.0
8.83
8.00
8.00
11.0
6.07
10.0
8.00
11.0
10.0
11.0
10.0
9.00
10.0
8.00
9.00
5.91
9.00
7.92
13.0
8.00
11.9
11.0
8.88
12.4
14.0
7.00
12.0
10.0
10.3
9.00
8.00
3.00
10.0
10.0
9.00
11.0
5.00
13.0
8.00
7.81
11.0
8.09
11.0
7.00
7.00
12.3
9.21
15.0
9.91
12.0
9.75
11.0
10.6
10.0
8.00
10.0
9.00
9.00
11.0
10.0
10.0
10.0
12.0
12.0
13.0
9.00
5.00
11.0
7.00
11.0
4.00
6.00
11.0
11.0
13.0
8.98
8.99
11.0
13.0
7.00
8.00
7.00
9.00
9.00
10.0
8.00
11.0
8.00
8.00
5.00
7.00
9.00
10.0
8.00
8.00
11.0
12.0
9.00
11.0
10.0
9.00
12.0
8.00
10.0
12.0
9.00
12.0
9.00
9.00
9.00
12.0
8.00
10.0
8.00
9.00
8.00
9.00
12.0
8.00
9.00
3.00
10.0
11.0
7.00
10.0
10.0
16.0
10.0
7.00
10.0
10.0
8.00
10.0
9.00
9.00
10.0
7.00
11.0
9.00
8.00
7.00
10.0
9.00
11.0
11.0
8.00
12.0
10.0
7.00
9.00
9.00
10.0
8.00
9.00
8.00
7.00
10.0
9.00
11.0
8.00
11.0
9.00
9.00
8.00
7.00
