4.68
6.55
7.41
7.00
7.34
8.99
5.97
7.96
5.98
8.92
8.99
10.7
3.99
12.0
4.00
6.99
7.00
13.0
7.99
12.0
10.0
10.0
8.00
7.00
13.0
10.0
8.00
6.00
8.00
12.0
6.99
4.99
8.71
9.25
7.86
7.99
8.99
8.99
4.99
10.8
11.0
10.2
3.99
4.99
8.90
6.93
6.95
7.99
5.99
8.85
5.95
6.99
3.00
12.0
8.01
9.01
12.0
8.00
10.8
10.0
9.00
5.99
6.99
7.45
7.51
9.00
5.93
7.25
6.99
9.99
4.99
8.98
9.00
8.00
8.00
8.00
11.0
8.00
11.4
5.97
8.94
6.99
6.99
6.99
7.99
7.95
11.3
8.96
9.95
7.99
6.97
8.50
6.93
7.97
11.0
11.0
8.95
7.99
8.00
8.00
8.00
7.00
6.00
8.00
5.99
6.00
8.00
8.00
7.00
11.0
7.00
7.00
10.0
9.00
12.0
6.00
10.0
8.00
9.99
12.0
7.99
11.0
7.99
10.0
6.96
9.00
8.00
8.00
10.0
7.00
8.00
11.0
11.0
10.0
8.99
7.93
10.4
9.00
10.0
8.00
7.99
9.93
9.81
8.00
8.81
6.99
7.99
5.99
5.99
9.99
7.99
5.94
9.78
10.0
7.00
9.00
7.96
10.5
5.95
6.94
7.98
10.9
13.3
10.6
6.99
9.99
8.99
9.00
8.97
9.95
8.99
9.95
7.00
6.00
9.99
8.88
4.00
12.0
11.0
10.0
