15.0
8.99
9.99
8.99
8.99
7.99
10.0
8.00
9.00
9.00
6.00
9.00
9.00
8.00
10.0
9.00
7.00
9.00
7.00
9.01
11.0
10.0
14.0
12.0
8.00
6.00
9.00
9.00
12.0
7.01
7.00
9.00
11.0
6.01
9.01
6.01
10.0
7.01
13.0
7.01
4.01
10.0
11.0
9.01
13.0
12.0
6.01
9.01
10.0
10.0
13.0
7.01
9.01
9.01
11.0
8.01
9.01
12.0
8.01
10.0
5.00
8.01
11.0
10.0
10.0
15.0
10.0
12.0
9.01
7.01
10.0
9.00
10.0
8.01
10.0
10.0
13.0
10.0
11.0
7.01
9.01
11.0
8.01
9.01
14.0
8.01
9.01
9.01
11.0
11.0
10.0
12.0
11.0
9.01
8.01
9.00
10.0
8.01
10.0
8.00
9.00
6.00
12.0
13.0
10.0
8.00
10.0
8.00
11.0
6.00
9.00
15.0
6.00
9.00
11.0
9.00
10.0
8.00
8.01
11.0
11.0
10.0
12.0
15.0
7.00
10.0
12.0
10.0
8.00
8.00
8.00
9.00
11.0
6.00
10.0
9.01
9.00
9.00
10.0
12.0
10.0
6.00
9.01
9.00
9.00
13.0
9.01
10.0
10.0
11.0
10.0
9.00
8.01
9.00
10.0
13.0
6.00
8.00
9.00
10.0
6.00
8.99
6.00
13.0
11.0
9.00
14.0
13.0
8.99
9.99
12.0
8.99
10.0
9.00
8.99
12.0
11.0
9.99
10.0
9.00
