8.00
12.0
11.0
8.00
8.00
9.00
9.90
10.0
9.00
9.00
9.00
9.00
6.57
7.00
4.00
9.92
9.00
7.96
8.00
12.0
8.79
9.00
11.0
12.0
7.00
9.00
9.44
9.34
8.00
8.99
7.85
8.00
8.00
9.00
9.00
7.87
8.00
7.85
7.00
10.0
12.4
12.0
9.00
6.00
9.98
9.25
8.00
8.00
8.00
8.00
6.00
9.80
5.00
8.32
12.0
5.71
9.00
7.00
6.00
8.00
8.00
10.3
9.00
8.00
7.00
5.57
7.00
6.00
6.00
4.00
7.00
11.8
9.00
10.0
8.00
10.0
8.00
10.0
7.00
8.00
8.98
6.00
6.00
7.00
8.00
6.00
6.99
4.00
8.00
10.0
9.00
13.0
7.00
10.0
5.00
10.0
8.00
11.0
9.00
6.00
8.00
10.0
8.00
11.0
7.00
9.00
9.00
10.0
6.00
11.0
5.00
8.00
13.0
7.00
6.00
10.0
9.00
10.0
9.00
9.00
10.0
12.0
9.00
8.00
5.00
8.00
7.00
10.0
9.00
12.0
6.00
8.00
8.00
10.0
7.00
6.00
7.00
8.00
6.00
8.00
11.0
8.00
6.00
10.0
9.00
9.00
6.00
10.0
9.00
10.0
7.00
7.00
10.0
9.00
8.00
7.00
10.0
8.00
9.00
7.00
13.0
6.00
8.00
8.00
8.00
9.00
6.00
10.0
7.00
9.00
6.00
9.00
9.00
7.00
8.00
7.00
10.0
13.0
8.00
10.0
