8.00
10.0
11.0
8.00
9.00
7.53
8.69
6.00
9.00
9.00
10.0
7.86
8.00
8.00
8.00
14.0
6.00
11.0
6.00
6.57
11.0
10.6
8.72
6.98
7.00
7.00
11.0
7.49
6.00
10.0
9.81
6.00
7.00
8.00
11.0
4.99
9.00
10.0
8.73
5.00
7.00
9.00
9.00
12.0
9.00
12.0
6.00
5.00
7.00
8.00
10.0
8.00
10.0
9.13
10.0
8.00
10.4
10.0
11.0
7.00
8.00
11.5
9.06
8.00
7.92
10.0
11.4
13.0
10.0
8.00
7.00
7.00
7.00
7.00
9.00
7.00
6.00
7.00
9.00
6.00
6.00
8.00
9.00
5.00
10.0
8.00
7.00
9.00
11.0
9.00
9.00
9.00
12.0
9.00
7.00
7.00
9.00
9.00
4.00
8.00
8.00
12.0
8.00
7.00
10.0
8.00
8.00
9.00
10.0
8.00
7.00
6.00
7.00
6.00
11.0
9.00
9.00
9.00
10.0
8.00
10.0
10.0
9.00
6.00
8.00
7.00
4.00
9.00
10.0
10.0
9.00
11.0
6.00
10.0
9.00
7.00
8.00
8.00
10.0
8.00
9.00
9.00
11.0
10.0
8.00
7.00
9.00
8.00
14.0
9.00
12.0
9.00
5.00
7.00
8.00
8.00
10.0
11.0
7.00
11.0
8.99
11.0
9.00
7.00
8.00
11.0
7.00
7.00
7.00
7.00
7.00
4.00
8.00
4.00
11.0
8.00
9.00
12.0
9.00
8.00
