6.61
6.19
6.10
9.02
10.0
10.0
8.06
9.00
9.00
9.00
10.5
10.0
10.0
8.01
10.0
6.00
9.00
7.00
9.96
7.00
9.00
11.0
12.0
16.0
11.0
7.00
6.00
8.00
9.00
10.0
8.00
9.00
6.60
8.54
7.53
9.97
8.58
9.21
8.00
5.99
8.54
11.0
8.00
7.00
11.0
9.00
8.25
11.0
8.99
8.57
6.00
12.0
9.99
12.0
8.67
8.11
9.97
6.99
6.99
12.1
5.95
8.80
8.16
8.01
6.01
9.99
8.74
7.99
9.00
7.99
5.99
8.99
5.99
7.95
9.24
8.83
9.43
13.0
9.12
9.67
9.04
5.98
6.99
11.0
7.97
7.96
8.96
6.99
8.97
8.93
8.38
9.34
11.1
12.0
8.99
13.0
8.93
8.96
8.00
9.00
11.0
11.0
10.0
10.0
11.0
8.00
12.0
9.00
6.00
7.00
7.99
11.2
11.4
8.00
11.0
9.00
8.00
6.00
9.74
7.00
8.97
12.8
9.00
6.00
12.0
8.00
8.00
8.00
6.00
13.0
7.00
12.0
15.0
8.00
10.1
10.0
9.01
8.00
9.00
14.0
9.00
13.0
12.0
8.00
8.00
8.00
14.0
9.00
10.0
13.0
8.00
13.0
9.00
8.00
8.00
9.00
9.00
9.02
5.00
7.93
10.0
10.0
8.00
7.00
8.95
7.95
13.0
11.0
11.0
10.0
7.96
13.0
7.00
13.0
9.00
7.00
6.00
9.00
12.0
11.0
