4.92
5.91
7.00
6.99
7.53
6.94
8.64
7.99
7.00
10.0
6.99
11.0
11.0
8.00
10.0
9.99
6.00
4.00
7.99
10.0
7.99
15.0
11.0
7.00
6.00
10.0
13.0
7.99
7.99
8.99
8.00
10.0
11.6
8.76
8.92
5.99
9.66
7.99
11.0
9.49
6.99
8.99
5.99
8.99
6.92
8.80
8.99
7.99
6.94
8.54
7.65
7.61
5.97
9.94
7.00
3.00
3.99
9.47
7.00
6.00
7.01
8.00
7.63
8.23
7.31
6.96
8.01
8.67
8.00
8.58
6.99
12.0
6.99
4.99
4.00
7.99
7.97
6.00
8.99
8.00
10.8
9.99
8.99
10.0
9.99
8.99
11.0
12.7
7.99
10.0
11.0
10.8
8.00
11.0
9.00
10.0
8.66
8.97
11.0
7.00
8.94
6.00
7.00
7.00
7.98
7.99
13.0
13.0
11.0
9.95
4.99
3.99
7.94
8.00
6.00
8.00
8.00
9.63
12.1
7.00
11.0
10.5
8.99
9.00
10.6
11.0
12.0
10.0
9.00
7.00
6.00
7.00
6.00
11.0
7.99
10.0
6.00
9.00
7.00
7.00
9.99
13.0
8.99
11.0
9.74
5.98
11.9
9.99
8.99
8.00
8.99
9.77
4.97
6.00
8.00
7.00
8.91
10.8
9.93
8.72
8.00
11.0
4.96
11.0
8.96
6.00
7.99
6.00
11.0
13.0
5.99
7.99
7.00
8.00
7.00
10.7
5.00
11.0
4.99
5.00
