480.54
483.95
515.21
498.59
493.86
494.67
481.28
477.05
467.38
496.3
456.22
483.51
462.34
493.57
492.01
493.25
471.32
487.05
497.56
525.57
496.1
472.7
492.32
483.13
470.26
462.06
502.47
521.82
509.53
486.79
455.5
442.86
480.04
501.25
472.34
447.7
488.92
456.19
472.61
499.4
488.76
471.03
520.44
509.56
499.11
482.66
505.48
481.6
451.04
500.6
497.6
531.89
478.3
510.74
468.98
467.61
482.88
499.98
478.2
467.19
501.5
488.65
486.51
499.72
481.25
517.65
486.53
475.81
471.98
496.9
477.85
476.23
504.0
483.58
484.83
477.31
475.67
510.85
451.34
510.3
499.49
492.78
440.05
463.91
465.35
483.79
501.99
485.9
486.17
445.76
466.3
455.38
480.56
493.53
456.66
524.28
450.05
465.18
450.79
468.53
521.43
477.69
485.93
468.57
476.85
450.99
485.03
496.0
450.67
481.59
476.63
505.86
479.36
473.52
488.3
525.72
466.65
466.5
490.75
450.31
536.82
483.31
462.63
479.09
519.15
453.53
491.82
475.08
449.98
477.82
508.85
460.1
474.73
492.28
495.73
500.14
481.47
481.67
475.67
483.15
476.86
443.77
486.66
474.63
485.09
478.09
432.84
487.92
496.49
455.42
486.95
487.39
445.7
491.09
449.14
523.57
488.79
441.9
463.69
497.72
493.03
463.46
457.7
464.22
466.53
502.07
457.3
506.86
503.85
502.84
492.46
474.56
486.21
520.58
524.93
479.24
443.95
482.47
465.9
480.15
479.02
491.39
487.15
489.55
481.52
457.92
478.15
480.07
512.93
508.52
472.88
469.52
489.27
499.95
482.77
447.34
462.9
522.42
458.04
469.21
481.13
472.28
490.44
439.08
462.59
478.43
490.8
474.9
515.23
503.34
526.13
474.07
481.53
505.69
472.15
476.72
477.46
464.5
473.2
490.62
477.35
473.6
481.89
481.37
471.4
485.42
463.26
485.44
445.27
463.02
480.0
478.68
466.88
469.9
482.57
513.22
504.2
496.32
455.01
500.96
463.87
458.83
461.79
512.87
485.02
462.68
490.71
459.36
512.81
466.58
437.1
493.62
457.32
464.78
479.72
478.5
489.37
477.36
493.61
478.32
451.58
467.45
491.63
466.5
437.22
491.14
477.68
479.37
500.03
474.28
513.42
483.39
482.49
517.62
507.67
444.72
452.98
456.88
483.99
491.17
470.17
489.0
481.12
507.7
469.78
476.69
480.41
482.21
493.33
487.15
461.96
455.94
458.45
495.16
481.1
512.74
503.89
491.46
470.38
484.14
474.65
512.94
440.83
459.59
481.68
476.1
474.43
502.08
497.68
504.18
502.69
486.67
489.87
471.57
492.81
470.24
473.62
479.95
478.67
502.11
515.11
447.88
476.95
444.66
490.99
504.97
505.84
489.56
467.05
499.14
505.55
480.41
495.19
495.59
475.99
500.08
528.03
492.39
430.32
458.16
497.66
465.27
472.49
491.15
465.65
473.98
480.5
504.39
437.34
522.49
437.92
503.38
499.74
472.2
493.66
487.96
463.58
479.35
470.51
458.44
