8.01
7.01
8.01
10.0
4.01
11.0
7.00
9.00
11.0
12.0
10.0
10.0
8.00
7.00
7.09
3.97
8.06
7.25
7.92
5.97
5.92
8.04
7.62
7.94
9.02
8.06
8.01
7.64
9.18
8.54
7.56
8.33
9.01
8.88
10.9
6.95
8.00
7.98
10.0
11.0
10.0
11.0
13.0
9.53
9.97
11.0
11.3
8.00
9.35
8.97
9.00
8.97
10.9
10.0
10.0
7.97
8.59
8.00
10.0
10.0
10.0
12.0
9.00
11.0
8.96
8.00
11.0
12.0
9.00
12.0
12.0
10.0
7.00
9.00
11.0
10.0
10.0
11.0
5.96
9.35
11.9
9.00
9.84
12.9
10.3
12.5
11.9
10.9
8.96
8.00
8.00
10.0
9.99
6.99
9.76
11.0
9.63
8.87
5.95
9.67
9.73
7.00
5.95
9.46
8.23
8.01
7.93
11.0
8.59
8.78
7.94
8.99
7.87
9.47
4.95
7.14
8.43
6.96
7.66
11.5
7.34
7.72
6.27
6.08
7.03
9.28
8.70
6.76
6.91
6.12
7.07
13.0
7.86
6.84
6.81
6.94
6.97
7.98
8.10
7.34
6.30
6.49
10.0
10.6
10.0
13.0
9.99
9.00
8.12
8.97
7.00
7.98
5.98
9.19
8.83
11.0
6.94
9.97
9.30
8.63
8.00
9.00
9.03
10.0
10.7
12.0
9.01
7.05
9.07
11.0
10.0
10.0
12.0
12.1
8.92
9.22
8.00
8.01
12.0
10.0
