6.99
6.95
7.37
8.51
9.38
9.00
7.96
10.6
9.70
7.94
13.0
7.01
10.0
9.01
9.01
11.0
7.01
9.01
10.0
11.0
10.0
10.0
8.01
10.0
14.0
8.01
13.0
14.0
8.01
8.01
11.0
9.01
9.99
8.99
11.0
12.0
7.98
9.99
9.95
12.0
11.0
8.99
9.99
8.99
7.99
8.94
9.99
9.99
14.0
13.0
14.0
8.00
11.0
9.00
10.0
14.0
13.0
9.01
10.0
8.00
8.01
10.0
9.00
9.00
7.00
8.00
11.0
11.0
9.00
12.0
8.00
8.99
11.0
11.0
7.00
12.0
10.0
8.00
12.0
9.00
9.00
10.0
9.00
12.0
9.99
11.9
6.99
11.0
12.8
8.99
8.00
6.00
8.95
9.00
8.97
11.0
10.5
9.57
9.65
7.97
10.2
13.0
11.4
7.70
9.57
10.2
9.17
12.0
8.00
10.8
6.01
10.0
11.0
9.01
9.01
9.86
9.88
10.0
8.01
8.00
11.0
8.99
8.80
8.97
8.99
8.99
9.61
11.0
7.97
10.6
12.0
7.00
8.01
10.0
9.95
10.3
5.99
11.0
9.63
7.96
8.67
8.80
8.78
6.99
9.94
7.99
7.99
9.99
10.9
11.0
8.94
11.0
10.2
9.94
9.92
9.99
12.0
9.99
9.99
11.0
6.99
6.99
9.99
6.98
12.3
9.81
5.99
7.67
9.99
8.00
8.99
7.99
8.93
9.95
7.93
9.31
9.33
8.66
7.96
7.99
