8.01
8.01
8.08
7.05
10.0
10.0
13.0
10.0
9.00
11.0
10.5
11.0
13.0
7.70
10.0
9.82
7.21
7.24
6.00
6.32
7.59
13.1
10.1
10.1
10.1
7.08
13.1
12.1
7.06
12.1
10.1
10.1
13.1
7.05
8.04
9.07
13.1
10.0
11.1
10.0
9.00
7.00
10.0
8.01
9.02
6.00
12.0
11.0
11.0
9.01
7.00
15.0
12.0
9.00
8.00
10.0
10.0
9.00
7.00
8.99
11.0
11.6
11.0
9.66
9.98
8.00
10.3
8.00
10.0
6.00
6.98
8.00
7.00
13.0
8.00
10.0
11.0
9.00
13.0
10.0
5.99
7.00
11.0
5.00
11.0
11.0
9.00
10.0
9.00
7.98
7.99
7.93
7.96
4.99
9.12
7.97
7.95
8.65
8.52
6.95
8.32
8.36
7.75
8.53
9.07
8.05
5.99
6.00
8.00
7.99
8.99
7.99
7.89
8.96
8.18
7.14
8.52
8.72
7.83
9.95
9.64
7.48
6.44
6.84
7.02
9.01
8.01
6.64
6.60
6.26
6.98
9.00
8.28
6.86
7.17
8.68
10.0
14.0
9.01
7.12
6.06
8.54
10.7
7.98
7.05
8.05
13.1
10.0
9.00
9.88
7.00
8.97
9.00
7.00
8.97
7.96
9.53
11.0
12.0
8.00
10.0
9.00
8.01
9.97
7.96
8.98
8.97
9.15
8.96
8.36
8.98
9.00
7.99
8.40
7.61
10.0
9.00
8.00
8.00
13.0
