7.45
5.63
7.40
6.83
6.98
3.74
8.28
6.26
8.72
8.55
4.61
4.85
2.73
4.01
5.23
6.16
2.95
3.05
3.08
7.14
2.03
5.61
4.19
6.72
3.00
2.25
5.27
3.59
11.4
3.10
4.96
0.96
7.90
1.65
6.41
6.36
6.73
2.88
4.07
7.43
5.56
6.39
5.47
6.56
5.18
4.57
5.71
4.55
4.16
7.37
3.85
5.86
4.10
4.71
8.42
3.42
5.87
6.14
6.22
1.26
5.77
7.13
6.64
6.21
6.36
2.11
5.37
4.68
5.11
6.90
3.25
3.43
5.78
2.91
5.53
3.22
2.97
3.23
5.19
5.11
4.19
3.83
7.05
5.93
3.04
3.74
5.67
5.71
6.15
5.39
0.48
5.28
5.57
2.01
7.55
2.19
2.89
4.97
1.26
5.30
6.21
2.24
4.54
6.23
4.63
4.37
3.85
6.24
5.26
0.98
5.29
6.71
2.29
3.17
2.31
3.44
4.61
1.84
1.96
0.96
10.3
1.62
5.50
1.95
8.04
6.38
4.33
5.14
8.11
7.43
7.20
1.08
3.82
2.22
4.18
4.89
3.06
2.64
5.63
2.14
2.98
1.60
6.98
2.95
6.20
5.98
1.63
5.00
4.67
5.70
3.96
0.23
6.01
5.62
5.60
5.31
3.29
3.73
6.33
3.51
4.74
4.45
3.56
4.42
2.16
7.69
6.61
6.00
7.05
4.66
4.80
5.36
4.62
6.56
5.45
6.16
1.30
3.81
3.97
4.70
5.86
4.73
7.54
1.05
3.59
7.63
2.08
3.73
3.11
8.59
4.82
4.32
4.23
3.40
5.50
2.20
1.85
4.07
2.67
4.44
2.75
5.14
7.31
2.68
5.84
4.00
10.3
4.86
8.32
4.11
5.93
4.80
7.58
5.94
4.83
6.72
6.28
5.86
7.89
7.53
4.47
3.23
5.60
2.89
4.77
10.1
4.46
5.59
6.04
5.33
4.67
5.65
3.52
5.19
1.27
3.83
4.63
6.64
8.28
3.78
4.97
4.99
4.64
4.52
3.10
6.66
8.22
8.33
7.22
5.44
4.46
0.60
3.35
5.61
1.14
2.31
3.08
5.46
5.50
7.53
4.62
2.64
4.29
8.84
6.16
3.61
6.05
1.79
7.86
2.86
5.50
5.54
2.27
1.04
4.71
6.18
6.70
5.98
6.37
7.05
2.12
4.06
6.66
5.16
2.56
7.50
5.76
6.05
5.91
4.15
3.58
7.13
5.90
6.76
2.53
3.69
3.68
6.75
7.20
6.93
3.28
6.54
2.63
1.89
4.10
6.62
6.63
5.50
7.30
4.02
3.24
8.09
5.65
6.00
4.36
5.77
5.39
3.02
5.05
7.77
5.23
5.05
2.17
5.26
7.76
5.55
8.56
7.27
3.69
4.86
4.40
3.49
0.75
1.46
6.59
6.88
4.02
4.43
5.93
5.34
6.30
4.08
1.06
0.32
4.55
4.13
4.36
4.71
6.27
3.74
5.35
5.12
9.36
6.22
9.25
6.99
3.36
9.14
0.65
2.27
