8.11
3.85
4.95
6.19
4.71
4.21
3.20
4.12
7.86
8.58
5.18
5.17
3.26
6.37
4.36
10.5
3.99
6.07
6.23
4.09
6.49
0.36
4.29
6.35
2.21
6.20
4.46
2.84
7.58
6.01
5.45
9.43
5.76
4.92
5.91
7.20
7.93
7.47
6.87
7.73
4.28
3.06
8.41
4.24
3.31
7.93
5.32
4.16
3.39
3.99
5.56
5.96
6.98
8.86
5.42
2.55
5.51
8.32
5.07
4.01
4.37
2.65
1.01
3.12
5.08
2.36
2.11
4.29
0.07
5.62
4.09
3.15
5.41
4.91
0.87
5.71
5.69
4.48
6.93
4.84
3.96
6.41
7.90
4.98
5.56
4.58
8.26
7.64
4.91
10.3
1.35
4.52
4.63
2.15
6.77
6.69
1.67
7.92
4.18
4.58
4.16
3.75
3.73
2.73
3.63
0.23
3.05
4.30
1.68
4.51
2.95
5.57
0.49
10.2
2.21
5.95
2.52
6.48
6.43
6.84
4.05
5.95
4.67
6.70
3.28
9.04
6.09
6.35
3.37
6.08
4.88
2.62
9.36
1.05
4.22
6.98
5.49
4.42
6.97
9.29
5.38
6.20
7.06
2.31
7.85
2.49
3.11
6.83
3.78
3.70
3.12
3.05
5.73
2.73
3.33
6.77
8.44
5.88
7.99
7.88
3.46
3.35
5.63
4.13
6.32
7.67
1.61
4.38
0.68
1.44
3.32
6.54
5.44
2.13
6.52
8.29
1.58
5.51
6.17
5.24
4.39
11.9
4.81
2.43
6.65
2.86
5.53
2.48
8.50
6.80
8.14
5.45
7.29
6.82
4.95
4.27
3.70
5.53
6.29
6.03
2.92
3.54
4.56
2.39
5.59
0.44
4.61
8.10
5.81
4.59
7.17
7.21
3.73
2.46
7.80
4.08
7.84
2.03
3.78
6.85
2.67
4.62
5.98
4.96
5.28
4.82
7.38
3.70
7.96
7.04
1.47
4.51
4.00
1.77
5.24
5.84
5.41
2.91
4.21
8.22
6.19
3.78
6.76
2.61
0.54
3.38
4.41
1.17
6.53
10.2
7.36
1.96
4.63
6.96
7.60
6.33
5.42
6.84
6.21
6.62
6.44
4.97
2.17
3.21
6.93
5.34
8.33
5.82
7.36
6.06
6.41
4.16
4.20
4.42
4.87
2.02
6.59
2.82
8.96
5.49
3.56
5.10
4.80
3.92
2.21
4.88
6.21
4.40
3.32
6.63
6.95
5.29
5.70
7.34
6.60
5.11
4.89
5.79
7.50
3.96
5.84
8.04
1.93
4.68
3.34
1.72
3.77
3.59
3.48
6.67
2.84
4.27
7.85
6.93
6.43
4.40
7.32
8.05
4.58
1.18
2.24
3.49
2.08
5.92
5.24
8.13
6.07
6.75
3.53
5.82
8.43
2.20
0.87
7.05
6.66
3.38
2.08
3.58
3.28
7.27
3.69
2.69
3.92
4.66
5.84
3.14
7.28
8.91
4.10
1.75
8.26
7.81
5.08
6.02
7.44
2.15
2.66
9.21
3.78
6.49
