7.79
6.94
7.24
5.95
6.85
7.34
6.42
1.28
8.79
3.38
8.10
5.87
0.79
2.31
4.81
8.08
5.18
7.11
5.59
5.11
8.90
3.93
9.31
3.10
2.68
3.55
4.96
7.13
3.48
4.03
4.66
3.26
5.78
6.56
4.33
6.14
7.94
5.93
2.82
6.83
3.32
2.93
6.84
5.55
3.76
6.27
5.24
5.71
5.12
1.20
6.16
4.82
4.78
4.07
5.35
3.60
5.57
7.00
4.25
5.00
2.84
5.50
9.05
3.98
2.44
5.07
3.65
3.21
7.44
5.79
8.12
6.40
4.72
7.22
3.75
5.17
9.28
3.36
2.87
4.87
4.59
0.96
3.96
6.52
2.31
5.28
3.44
6.33
5.48
3.10
2.70
3.49
4.67
4.54
3.12
7.90
6.19
2.03
5.87
5.42
4.09
6.89
7.62
7.81
4.16
3.81
7.75
4.61
6.58
4.84
2.66
3.90
8.46
6.25
2.44
3.87
6.68
3.54
3.56
2.01
7.53
6.83
7.59
2.90
4.82
3.69
5.49
5.19
6.09
6.99
5.79
6.83
4.48
7.81
3.39
5.49
3.16
7.03
4.98
5.77
6.31
1.79
6.54
5.99
2.47
7.83
5.55
1.98
4.12
3.75
4.39
4.57
6.69
4.47
2.93
6.52
4.63
1.12
3.37
4.80
3.11
5.80
3.64
7.07
2.87
3.02
6.23
5.45
4.54
8.42
3.08
9.12
5.16
2.61
7.64
4.53
4.99
4.24
4.17
2.91
6.14
4.40
6.21
5.50
3.72
3.87
0.40
4.05
4.34
7.80
4.19
7.12
8.49
6.86
6.36
1.74
5.44
4.74
4.83
6.09
5.87
4.52
6.53
6.55
3.36
4.13
5.15
6.67
6.66
5.73
4.88
3.99
3.51
6.52
5.98
4.38
6.39
3.91
5.22
7.03
6.41
2.38
2.91
6.30
4.61
7.36
5.27
4.59
3.09
4.87
4.37
5.46
8.75
2.28
2.91
6.36
6.36
5.08
8.58
3.61
2.48
3.21
4.14
4.53
4.44
6.20
4.71
5.99
5.48
1.87
0.21
8.39
4.86
1.77
1.65
7.12
6.24
3.56
4.13
3.22
3.05
5.36
3.40
5.37
5.91
3.04
7.58
3.76
3.83
5.15
7.73
3.31
6.02
4.17
2.55
4.94
5.28
3.92
4.03
1.47
4.23
4.40
6.70
5.29
4.62
5.38
7.20
7.30
7.68
7.32
6.50
6.27
3.60
6.42
6.86
9.29
3.55
6.32
3.75
1.59
8.27
2.81
5.91
7.43
1.92
6.41
2.06
3.78
5.34
7.11
4.86
9.19
7.57
4.46
5.03
4.24
4.00
6.16
3.82
7.18
4.12
4.84
4.17
2.72
3.63
5.02
6.07
2.59
4.08
3.91
4.62
3.73
5.89
5.10
7.12
2.36
3.02
5.53
7.04
3.52
2.45
6.59
7.33
4.10
7.69
4.48
6.41
4.55
3.00
5.70
1.61
6.46
2.33
5.80
6.22
8.79
4.20
4.54
4.11
3.89
