8.41
5.40
7.59
7.73
1.88
8.46
4.44
4.64
4.65
4.59
6.20
3.29
4.01
4.43
6.71
4.84
5.68
1.78
4.34
7.22
5.69
7.82
7.63
0.68
4.84
4.82
2.70
5.36
5.42
3.29
6.70
4.36
3.28
0.01
3.38
3.86
2.91
5.67
9.92
3.11
6.55
4.39
5.39
6.98
0.78
4.01
2.29
6.79
9.17
5.61
4.36
3.98
5.49
4.12
5.36
3.32
5.25
4.43
5.59
3.97
4.99
0.92
7.16
3.95
1.99
7.05
7.71
4.55
4.10
5.46
5.75
3.19
9.95
4.54
5.94
2.65
5.30
5.86
8.65
6.26
5.78
7.88
4.85
4.97
7.12
3.33
7.53
4.45
4.17
2.01
7.20
4.57
3.90
5.43
3.65
2.92
4.03
4.79
4.64
4.52
9.57
4.74
8.60
3.24
3.74
7.20
5.88
5.97
2.86
7.57
5.04
5.67
6.45
6.51
3.80
2.95
3.74
2.48
7.81
1.74
5.19
3.78
5.74
2.42
2.32
5.17
1.46
4.17
7.10
6.16
4.84
5.60
1.92
6.70
8.21
5.84
4.38
4.60
4.97
6.83
5.09
4.09
4.72
6.31
5.01
2.93
2.74
6.33
5.77
3.93
3.94
6.31
2.42
5.87
3.26
4.86
6.45
2.53
6.27
7.66
6.62
5.70
8.52
2.49
5.43
4.71
5.97
5.08
1.05
3.07
4.67
7.04
4.98
4.21
3.03
3.04
5.37
1.17
4.97
3.37
7.62
5.22
2.98
7.13
3.70
6.60
9.74
7.55
2.93
3.31
3.35
6.14
3.21
6.23
5.90
3.49
3.80
9.05
6.35
4.01
5.57
2.91
5.08
2.03
7.42
6.41
2.87
5.69
0.89
6.44
2.72
3.75
3.99
5.72
2.48
6.07
3.50
2.25
4.47
4.23
7.13
2.14
5.45
5.34
5.35
7.74
4.55
5.07
7.56
3.11
2.70
6.35
7.84
4.48
5.97
8.35
7.05
5.97
5.29
4.17
4.53
4.51
2.98
4.04
0.93
4.40
7.79
3.05
4.20
5.09
4.89
6.42
5.11
11.7
6.87
4.60
2.80
4.57
5.78
5.26
5.79
4.35
6.59
5.38
1.88
7.01
5.52
2.22
6.42
4.84
4.71
3.14
2.84
6.29
6.98
9.72
6.11
3.54
10.2
2.06
4.75
5.83
3.16
7.59
5.00
6.27
4.47
5.26
4.42
6.02
1.21
4.54
5.52
6.09
10.3
6.00
7.90
4.88
4.15
4.19
2.54
4.06
5.79
5.86
6.56
5.45
8.30
5.06
6.14
5.61
5.58
4.66
7.77
4.42
2.17
3.03
6.01
3.72
2.27
5.30
3.24
5.74
3.75
5.32
3.89
0.46
7.13
8.06
4.88
4.16
4.19
1.81
5.43
6.70
5.45
4.43
6.38
5.10
4.19
3.29
4.68
7.69
6.94
3.12
3.72
4.80
3.33
4.20
3.46
7.99
7.59
6.13
6.63
8.77
6.68
5.46
5.18
9.64
5.66
3.61
