4.48
2.59
5.79
2.69
7.44
2.20
1.42
7.19
1.27
6.72
7.29
5.10
0.87
4.88
7.78
6.62
3.89
0.46
5.91
4.50
2.77
8.90
4.47
6.26
7.30
7.08
8.26
4.18
6.29
1.64
6.94
4.18
5.96
6.54
3.62
1.93
7.63
2.05
5.46
5.90
7.23
5.21
3.93
2.13
4.44
6.00
3.92
6.50
6.79
3.19
5.11
6.27
4.54
6.03
5.69
4.24
4.08
5.52
4.85
6.38
4.83
5.36
1.70
7.29
6.15
4.53
0.75
5.52
4.79
3.53
8.80
0.18
5.28
5.56
6.69
5.89
6.15
9.10
1.75
4.04
5.64
3.77
5.79
4.63
4.91
5.07
7.54
6.01
4.85
4.46
3.50
6.17
3.74
6.98
5.38
5.56
7.74
2.62
6.55
4.07
6.13
2.01
8.38
8.80
1.92
6.10
5.74
3.90
6.89
6.36
3.54
4.82
5.36
5.62
4.38
3.47
4.96
4.42
3.22
3.76
0.70
7.67
6.63
2.96
7.15
5.66
6.57
6.50
4.95
4.42
1.23
4.01
1.95
6.01
6.53
4.07
6.54
8.08
4.49
2.52
3.52
5.47
5.37
5.23
5.50
5.21
0.51
4.76
5.39
8.52
6.39
7.15
8.21
5.26
5.57
4.30
5.09
4.48
3.07
5.42
6.59
6.77
7.00
6.07
7.63
2.89
4.95
5.66
7.80
3.93
2.02
6.42
3.66
4.79
0.62
7.15
4.85
2.37
6.30
5.88
4.58
6.64
6.36
9.03
5.54
2.82
6.39
4.36
4.61
4.24
9.07
2.93
4.14
5.17
0.43
3.61
6.06
3.27
5.86
4.71
7.64
5.76
2.78
1.74
3.40
2.22
3.76
0.79
4.69
7.68
7.12
6.89
7.97
8.00
1.41
5.15
5.89
7.14
5.85
6.63
8.01
3.76
4.86
3.93
3.15
7.19
5.05
5.63
10.9
8.51
3.97
4.18
1.20
7.03
4.24
5.55
5.11
6.35
3.52
7.32
7.32
3.29
2.17
4.50
3.40
5.68
4.17
8.37
7.01
4.89
8.81
7.35
4.71
2.10
8.79
6.77
3.41
7.99
6.23
3.81
8.79
4.23
4.52
5.95
2.76
8.42
1.35
7.70
5.80
6.04
2.69
2.16
3.68
6.37
5.92
6.09
4.71
1.56
5.66
3.39
5.26
2.29
3.42
4.57
6.26
3.44
3.23
7.43
1.55
6.49
4.14
6.11
8.39
1.55
3.32
7.31
8.46
7.60
4.15
3.34
5.51
5.66
5.05
6.01
3.74
4.86
4.35
6.93
0.24
1.77
3.20
6.03
5.84
6.53
6.08
7.89
6.73
4.48
5.95
4.19
7.48
8.12
2.97
2.24
4.55
4.00
6.49
5.23
2.54
4.70
5.77
2.52
3.30
5.02
5.06
7.80
2.62
5.35
3.79
4.00
5.52
3.12
4.27
9.27
3.13
6.83
4.12
2.49
6.19
6.32
3.64
5.15
2.04
4.56
3.90
7.33
4.74
8.04
6.06
1.81
