8.75
3.58
7.69
6.50
9.21
3.84
6.25
5.59
3.85
7.93
5.79
5.30
3.16
5.25
5.35
3.60
0.26
6.98
4.87
4.90
4.37
1.59
5.09
4.86
4.26
4.98
7.87
10.3
3.64
7.15
8.24
4.68
4.87
6.18
6.39
3.69
2.12
8.04
2.51
4.01
5.76
1.96
6.42
7.06
8.60
6.69
1.68
2.26
5.02
2.56
3.19
6.48
2.38
4.60
2.83
3.20
6.42
6.79
0.30
4.02
8.03
5.99
5.21
1.22
5.79
7.99
3.48
6.93
5.88
7.39
8.64
1.37
5.04
7.96
4.79
6.99
4.24
7.23
5.02
6.53
3.77
5.73
4.64
6.76
7.44
8.02
4.80
3.64
4.74
3.49
4.89
3.65
8.02
3.66
4.66
6.51
7.46
3.77
7.21
8.26
6.15
5.46
2.49
7.96
3.72
4.79
5.56
8.78
5.97
6.77
4.08
1.34
5.81
5.48
5.16
9.03
3.76
2.50
7.61
7.94
4.17
6.90
4.95
5.79
4.12
7.49
6.58
5.86
2.47
4.46
1.26
7.44
3.71
7.95
4.76
8.90
8.32
1.66
2.96
2.15
2.09
1.52
5.42
5.88
6.06
2.76
5.96
1.66
8.60
6.00
9.70
6.37
4.51
2.02
3.16
5.22
7.41
1.65
6.62
3.31
1.71
5.79
4.79
3.79
1.33
2.22
2.20
4.23
3.59
5.14
5.17
4.99
6.37
5.91
6.61
3.80
4.10
5.62
7.08
2.89
5.55
3.14
2.58
7.45
5.38
5.23
7.08
6.91
5.53
6.59
4.59
3.44
6.24
3.71
4.04
6.01
3.87
5.13
0.59
5.62
5.22
5.36
3.16
4.51
4.11
2.96
8.47
5.11
5.55
5.79
3.19
1.93
4.54
8.15
2.21
6.86
7.83
8.16
1.57
7.17
2.98
6.01
8.28
6.21
6.69
7.35
8.24
7.16
6.02
3.38
3.60
5.29
4.68
4.34
3.51
1.52
8.29
1.42
2.13
6.44
2.26
5.14
3.19
3.00
6.04
5.39
3.23
4.70
1.95
1.77
6.54
2.67
5.92
2.67
5.49
3.43
2.42
4.75
7.44
6.77
1.25
3.92
5.53
4.69
7.33
5.58
0.20
4.42
5.94
4.46
3.65
5.92
3.66
4.69
5.16
3.36
4.24
5.97
3.89
4.11
5.99
3.48
5.86
6.43
2.73
6.40
6.96
6.13
6.54
2.33
5.02
3.24
2.79
3.38
3.60
2.13
5.91
4.30
7.82
3.36
9.15
4.58
3.74
1.20
4.90
6.89
4.07
5.57
3.91
4.34
3.27
4.78
5.77
5.50
4.21
4.14
6.19
7.96
6.76
3.00
5.53
4.66
4.54
4.43
2.37
4.43
5.54
2.73
4.08
9.14
7.25
4.05
3.43
7.74
2.82
7.51
5.63
2.15
7.14
4.93
4.41
4.08
5.27
3.85
2.40
4.30
6.12
6.85
1.68
6.62
3.42
5.68
5.80
3.45
3.99
4.20
6.38
5.07
3.32
1.37
