5.22
3.48
6.06
3.78
2.42
6.90
4.55
2.38
5.51
8.68
3.68
8.19
6.48
6.76
4.83
5.80
3.52
4.86
5.81
6.06
2.47
2.86
2.61
7.56
3.37
6.66
6.24
5.41
7.56
5.96
6.73
5.18
4.74
7.25
3.10
6.84
5.21
3.88
0.21
5.44
8.36
6.69
8.94
6.00
2.93
4.10
6.06
4.90
3.27
6.04
5.63
4.29
2.37
2.63
3.43
7.69
6.10
6.46
6.06
3.55
5.44
7.17
6.52
11.3
5.72
3.24
0.78
1.96
3.01
4.85
3.31
5.41
5.40
5.00
5.30
4.17
2.53
7.36
8.56
4.00
4.00
1.31
3.00
5.43
3.09
6.12
6.11
6.61
4.28
5.87
5.94
5.99
7.03
6.89
9.33
6.57
4.66
5.22
3.44
1.76
5.70
4.02
6.12
3.96
8.09
1.68
4.05
5.09
5.15
5.68
6.55
4.50
7.34
4.74
6.38
3.28
2.14
4.95
4.37
2.89
5.61
6.00
4.26
6.94
2.55
3.79
5.74
1.92
6.65
4.46
2.84
10.6
3.03
3.24
3.40
6.95
3.78
3.46
7.51
5.10
4.45
3.21
10.1
1.29
7.49
1.84
1.36
3.95
6.63
4.67
3.99
1.53
3.77
9.83
3.46
5.24
3.60
7.05
5.53
6.71
2.65
6.95
3.48
2.14
3.17
5.11
4.64
3.72
11.6
8.12
6.01
2.72
7.49
4.84
7.06
6.28
7.33
2.65
3.23
3.25
6.88
5.45
3.81
3.15
4.02
4.62
4.19
4.02
8.97
3.60
6.43
2.88
5.40
5.88
6.70
7.76
3.35
4.09
3.98
6.60
2.45
6.82
3.43
4.44
3.11
3.87
1.86
7.94
6.10
3.97
6.36
4.40
7.63
5.33
4.03
7.85
3.14
4.00
1.54
10.4
5.06
5.54
7.24
5.47
7.02
7.13
8.96
8.39
4.92
6.40
3.14
9.60
8.99
5.05
4.13
2.92
7.97
8.21
6.93
2.99
4.66
7.90
5.39
6.89
8.70
2.65
4.09
7.71
3.30
5.49
3.94
4.95
1.93
6.01
2.73
6.98
7.52
7.24
4.97
3.43
2.31
8.42
5.14
7.82
4.71
9.79
7.93
5.30
2.91
3.35
4.97
2.71
5.39
8.25
1.05
4.96
3.11
4.39
3.11
0.90
6.34
6.37
3.32
4.11
3.85
5.59
2.24
5.34
4.99
5.29
5.37
4.22
5.92
4.00
5.81
10.1
5.09
8.97
0.24
5.03
2.75
4.89
2.71
7.23
2.88
4.00
4.13
3.58
7.86
7.48
6.71
3.44
6.20
2.47
5.01
7.12
2.19
6.87
2.78
4.80
2.49
4.71
5.47
2.36
8.65
2.72
6.62
5.02
3.60
3.83
3.39
4.06
7.53
6.47
4.09
5.20
1.48
5.33
3.91
5.51
1.91
3.83
6.20
4.07
6.89
2.97
4.51
9.47
6.28
2.64
7.10
5.78
4.56
3.05
5.14
1.13
4.05
5.78
3.31
1.17
