2.66
4.31
6.04
3.40
3.49
8.30
5.82
4.82
6.57
8.31
5.58
7.57
2.15
5.75
7.40
1.65
4.76
5.89
5.46
3.36
3.00
4.43
2.08
10.2
3.39
3.92
4.19
5.13
3.50
4.61
4.11
2.55
4.57
11.4
3.29
6.04
7.05
6.12
4.97
6.39
7.80
4.25
6.52
7.49
3.61
7.68
4.05
6.67
0.36
7.88
5.82
8.48
5.42
1.94
7.76
3.79
7.19
4.78
3.36
3.19
2.35
3.01
4.50
5.01
1.86
7.00
4.96
7.12
5.96
8.20
1.55
7.36
4.48
9.90
7.23
3.04
5.42
2.90
4.20
7.80
4.72
3.09
5.79
5.71
3.66
6.00
5.00
4.71
9.55
4.80
2.21
3.59
5.59
2.66
4.04
4.70
2.68
3.94
5.71
4.31
5.10
3.68
6.36
6.54
4.28
4.52
1.50
5.64
2.68
4.41
4.55
2.80
6.87
7.21
5.66
7.41
3.20
5.42
6.07
5.02
9.14
7.74
1.58
4.76
4.15
6.25
5.98
5.15
3.79
3.27
2.29
1.05
5.59
8.55
3.52
5.29
7.05
8.39
5.63
3.15
5.83
5.08
2.06
8.44
2.29
3.79
5.93
4.15
3.59
0.61
4.62
5.66
4.17
3.58
4.12
4.78
4.32
6.33
4.28
8.12
6.48
1.97
3.81
5.52
6.80
6.83
7.42
8.33
6.08
4.02
3.78
2.51
5.69
6.31
5.29
4.99
4.34
3.54
6.06
4.70
5.04
4.41
5.48
8.33
2.99
5.87
6.36
4.58
4.38
7.49
4.04
6.99
3.61
6.30
4.58
5.86
7.50
6.68
4.66
2.79
4.73
8.68
4.00
3.82
5.31
7.25
6.93
5.84
5.76
3.47
3.74
6.74
1.77
3.63
4.02
2.85
5.87
3.68
4.05
6.36
5.78
3.18
3.08
6.07
2.76
7.64
5.87
4.69
3.18
7.74
7.24
10.7
8.54
8.20
8.76
6.62
6.79
2.61
5.04
1.55
6.54
2.38
5.81
4.93
4.98
8.02
4.48
7.70
4.46
5.18
8.80
7.30
0.92
7.10
6.05
5.68
1.46
4.69
6.02
4.64
8.82
2.51
6.07
7.37
9.11
3.26
6.06
5.68
1.66
2.96
1.93
4.78
5.42
2.86
6.39
5.55
4.34
3.21
3.68
8.09
8.34
6.07
7.31
4.61
4.30
7.31
6.11
5.11
3.49
6.52
2.28
3.65
1.83
1.27
5.84
1.73
3.05
3.26
2.46
6.43
5.41
5.72
2.80
6.91
8.13
7.63
2.42
3.77
3.53
8.21
6.28
4.38
2.04
3.98
5.74
5.28
3.58
9.13
4.66
1.88
3.05
6.29
5.25
4.38
3.13
2.15
5.68
6.53
5.80
0.95
7.69
7.50
6.18
4.01
7.17
3.87
2.36
5.46
3.35
3.68
3.98
5.54
4.65
0.64
1.06
5.12
4.78
3.49
5.20
4.50
5.43
2.09
4.96
3.01
6.40
5.78
10.8
6.30
7.59
5.63
