4.35
4.50
6.30
7.85
6.34
4.52
5.55
4.57
5.09
3.64
5.46
3.53
4.76
6.12
4.54
5.13
3.29
7.04
7.41
2.74
5.84
4.33
5.49
4.85
1.84
5.54
3.16
6.02
6.63
6.28
1.97
7.50
1.39
2.89
4.88
4.50
5.36
4.30
5.43
8.01
1.42
5.68
4.84
7.52
5.50
1.48
5.38
7.63
6.92
5.61
10.3
0.12
2.02
2.24
2.14
6.82
7.54
5.07
3.39
4.23
7.78
6.21
8.69
5.23
6.03
8.25
5.29
5.68
8.33
2.88
6.54
8.14
7.09
8.85
4.18
6.52
4.95
4.77
2.74
6.28
6.65
6.45
7.26
1.73
5.20
6.40
3.55
4.62
4.41
3.94
2.75
6.21
2.72
5.66
3.46
6.67
5.92
2.92
1.49
6.28
8.26
4.95
6.04
4.54
5.49
3.21
4.00
4.55
4.17
0.88
7.70
3.06
4.81
3.22
5.88
1.43
4.95
5.15
6.77
2.11
6.08
2.85
4.28
5.97
4.70
7.60
3.23
6.57
1.79
0.15
5.14
2.72
3.12
5.34
5.42
4.15
6.48
8.11
3.73
3.98
3.42
5.92
5.91
4.46
5.16
4.48
1.12
5.36
5.25
4.67
7.43
3.52
2.97
1.06
9.92
6.43
3.13
2.53
4.03
6.63
3.90
7.50
6.58
5.92
5.93
4.88
2.27
5.71
6.25
3.76
4.18
3.00
3.92
7.31
9.72
5.24
1.89
5.82
9.15
2.82
3.34
7.20
3.24
6.12
4.80
7.21
5.14
3.76
6.92
5.84
5.91
4.82
5.48
7.34
2.61
3.95
4.72
6.79
2.06
6.45
5.72
9.45
8.93
0.32
3.67
5.03
4.91
6.91
4.85
3.85
5.64
2.71
2.19
5.76
7.47
6.38
4.93
5.50
4.52
4.62
7.49
1.29
7.44
3.81
5.95
1.21
9.33
8.43
1.91
4.90
7.04
1.42
4.16
6.08
1.18
5.84
4.37
1.74
3.81
7.79
3.42
3.81
3.65
3.86
5.25
3.93
5.67
3.21
5.59
5.04
4.48
6.81
3.58
1.76
8.29
5.44
1.64
1.72
2.95
5.57
4.39
5.10
4.86
5.78
3.26
1.75
5.59
4.06
3.73
4.57
3.69
4.76
6.79
7.34
5.82
3.73
5.93
8.50
6.51
2.71
2.34
0.72
2.30
5.03
3.74
4.57
8.65
6.28
6.39
5.21
2.59
6.13
2.08
4.48
6.15
10.5
5.33
1.81
8.66
4.01
4.65
5.83
7.95
5.49
4.19
6.39
3.65
9.60
6.63
4.47
1.89
3.12
3.91
3.45
4.36
6.08
5.22
2.35
5.31
3.34
7.80
3.63
3.40
5.70
6.75
3.86
4.72
8.58
3.46
9.93
9.07
7.08
1.04
4.27
5.98
9.53
8.03
8.23
4.92
3.23
4.08
2.06
5.24
5.66
6.38
3.67
4.52
1.14
6.77
2.14
3.18
8.26
2.45
1.70
9.23
5.45
7.67
5.38
6.06
3.54
