3.78
6.26
4.45
5.70
5.25
5.92
0.59
6.52
1.98
7.16
1.87
4.00
5.92
6.19
2.74
4.86
4.52
7.38
4.46
6.54
2.82
5.16
3.64
7.06
4.24
4.45
7.77
3.54
4.52
4.47
6.72
1.28
0.54
2.96
4.48
0.73
6.13
7.14
1.75
4.78
6.55
4.46
4.33
2.77
5.85
6.42
3.16
4.97
3.92
4.83
4.08
6.32
1.67
5.42
3.32
2.63
4.55
4.88
7.78
2.95
3.47
4.32
4.54
2.22
7.74
3.13
4.61
4.37
4.06
7.64
5.71
6.58
3.59
7.20
7.00
1.86
7.00
3.22
3.25
6.86
3.00
2.71
5.11
4.18
1.77
4.16
4.08
6.52
2.97
10.1
4.62
1.02
5.71
8.59
5.10
7.98
4.99
1.51
7.81
4.66
6.00
4.60
3.10
3.05
8.53
5.80
4.92
3.46
6.92
5.31
5.33
6.89
2.31
7.02
3.23
6.45
6.29
7.64
5.95
8.35
1.02
7.84
8.36
3.30
4.42
5.99
6.11
6.96
3.94
3.13
4.57
5.03
4.36
3.26
7.14
5.20
6.94
7.30
3.98
4.90
3.75
3.80
0.94
5.28
5.61
4.72
6.07
7.97
3.41
3.51
2.66
7.17
2.18
2.84
4.01
6.32
2.35
5.98
1.30
7.94
3.78
7.37
0.82
5.51
0.70
8.31
4.15
7.09
3.97
0.74
6.23
4.59
8.34
4.45
4.00
3.63
2.29
5.16
2.20
4.27
5.44
5.57
5.61
0.42
7.11
2.59
6.29
4.29
6.57
8.81
5.45
7.52
4.35
4.59
1.77
5.20
5.75
4.48
1.91
4.13
6.63
3.42
2.43
2.79
3.60
7.02
7.96
5.34
4.60
3.09
4.68
3.72
5.53
1.38
5.78
1.33
1.84
6.27
1.87
4.74
5.10
4.08
1.80
5.61
2.88
4.73
7.23
2.75
4.47
1.98
1.93
5.89
7.27
5.70
6.56
5.93
2.64
3.16
5.08
6.36
2.55
0.83
3.04
6.29
4.72
7.18
4.46
3.11
3.17
3.27
2.66
3.49
5.89
6.92
5.39
1.60
3.25
4.11
5.43
4.44
4.59
8.39
2.40
5.21
5.20
0.68
7.10
5.74
1.44
5.57
6.58
4.15
6.84
6.36
3.14
4.32
4.61
7.36
5.68
5.87
10.7
5.08
5.89
4.13
5.68
10.2
3.98
7.74
6.97
5.34
3.97
2.27
3.76
7.10
6.96
3.89
1.25
5.68
7.75
3.55
5.29
6.03
1.40
3.26
5.53
3.95
4.35
6.19
6.43
6.04
5.83
3.08
7.10
7.59
1.57
6.51
4.64
4.11
6.56
7.75
5.87
6.31
5.40
8.47
2.22
5.82
2.28
7.39
2.89
7.44
7.61
6.87
6.60
5.99
3.25
7.21
6.21
4.16
5.23
3.64
5.08
8.82
1.25
6.91
6.31
2.27
5.61
6.64
4.78
5.57
4.57
5.19
3.99
7.12
6.75
2.60
4.86
6.10
3.48
4.76
