4.55
6.58
4.59
5.13
4.95
3.30
5.66
4.46
2.56
5.57
3.03
7.44
5.22
5.16
5.41
5.75
3.65
4.61
4.57
5.36
3.81
4.42
6.04
4.36
7.26
2.35
4.43
5.75
4.58
3.91
5.98
5.43
3.01
3.54
3.05
6.06
1.17
5.95
4.36
1.78
5.45
6.10
7.23
4.64
2.40
3.45
6.19
0.82
3.71
2.05
3.54
5.81
3.36
4.25
1.67
5.63
1.45
7.12
4.46
9.01
3.29
5.93
5.22
7.35
0.63
2.92
8.51
1.83
6.48
3.66
4.71
3.75
3.06
6.03
7.14
6.09
7.21
5.45
4.40
5.16
6.48
7.86
0.54
3.12
6.82
6.27
4.66
2.91
5.62
4.64
7.25
10.7
8.67
3.44
8.46
4.12
5.06
4.27
4.11
5.67
4.70
9.57
4.19
3.25
5.20
5.33
5.09
2.66
2.27
1.79
6.77
7.64
5.53
6.72
6.60
5.11
3.08
4.12
5.71
7.65
9.08
5.80
6.08
7.81
6.37
1.27
3.33
8.98
10.1
7.57
5.38
2.17
5.66
3.47
4.64
4.74
5.43
6.47
6.42
5.07
3.24
3.63
1.40
5.49
2.84
4.84
5.00
3.46
5.38
4.96
2.89
8.65
1.75
4.84
6.89
3.97
8.10
5.71
2.75
7.30
4.62
7.17
5.45
7.77
3.20
6.78
2.23
7.89
6.26
5.76
4.86
7.73
8.92
4.99
2.22
5.34
5.38
3.15
0.90
5.98
3.39
1.68
3.98
4.07
4.05
3.04
7.41
7.01
9.48
6.69
5.75
3.92
3.68
4.90
2.47
8.05
2.01
3.05
2.88
2.56
3.67
4.52
3.64
8.01
4.01
4.11
4.97
5.84
4.62
6.07
6.29
2.68
3.81
7.24
3.86
6.71
5.42
4.55
5.42
1.57
6.84
7.22
5.97
4.51
2.74
5.85
5.08
5.84
6.54
2.78
6.50
2.95
4.73
6.60
2.42
7.34
5.99
5.66
6.64
4.66
5.09
4.87
7.03
5.16
7.67
6.10
6.01
6.95
5.35
6.63
2.59
1.12
3.47
4.89
1.00
4.28
2.46
4.16
6.71
4.12
3.52
7.05
4.43
5.76
6.87
4.10
6.87
4.46
4.61
5.95
7.81
2.49
5.81
5.12
4.95
6.66
3.67
5.23
6.79
5.11
6.35
6.78
7.69
5.36
3.57
5.08
6.00
6.75
4.69
7.74
1.97
8.04
0.16
6.28
2.73
4.19
2.27
2.29
4.54
7.34
4.48
4.01
4.74
3.43
1.82
5.47
6.67
9.12
7.36
7.61
4.84
5.01
7.86
4.90
4.49
7.55
4.78
2.15
6.51
6.50
5.30
3.42
5.94
2.13
4.54
3.61
6.28
2.60
3.70
3.78
3.66
3.18
4.45
3.06
7.02
4.90
1.98
3.01
2.26
3.31
9.85
7.85
4.63
5.35
7.29
3.15
1.55
4.20
3.18
5.35
6.58
5.33
3.83
5.86
5.78
4.19
4.67
6.06
3.53
5.31
