4.68
4.00
8.32
5.74
6.99
9.66
3.96
5.27
5.61
3.07
5.14
4.43
3.78
4.38
3.92
5.18
7.03
6.22
7.90
7.46
6.08
4.77
6.21
5.05
5.65
6.79
4.10
5.27
3.81
4.34
8.86
3.53
5.43
4.99
2.16
7.31
6.15
2.68
8.24
2.42
5.69
3.05
7.40
7.96
4.43
6.38
7.95
7.90
5.81
6.94
6.35
2.53
5.40
5.60
5.27
4.84
4.84
5.04
3.99
1.72
4.80
1.59
6.69
1.35
2.26
6.53
7.81
5.46
5.36
5.48
4.14
5.98
4.60
5.68
4.05
4.35
2.68
8.74
4.32
6.53
4.38
6.49
5.25
4.59
4.03
1.93
6.73
6.69
5.06
4.68
2.73
4.96
3.99
6.33
4.22
3.07
1.35
5.20
4.31
3.27
5.16
5.87
5.58
6.99
3.77
5.38
5.23
6.48
4.74
4.35
4.63
5.29
5.49
4.92
5.02
8.62
2.92
7.82
6.31
4.28
7.98
3.10
3.60
8.20
6.54
4.37
2.29
4.10
2.72
6.01
8.13
3.60
1.01
5.09
2.55
4.91
4.66
3.90
2.85
5.79
7.59
5.44
4.72
2.97
1.82
0.44
6.67
7.11
5.32
4.32
9.51
4.98
2.29
4.27
5.84
5.63
10.4
9.27
3.39
0.67
4.28
1.20
6.81
5.27
5.62
5.80
5.57
1.46
4.72
8.67
2.51
4.03
7.03
6.85
6.03
5.20
8.38
5.43
6.43
7.24
5.23
2.86
7.37
8.54
7.25
0.37
3.33
4.95
2.78
5.78
7.87
2.86
3.98
6.46
1.90
5.53
8.36
4.70
2.03
8.67
3.56
6.10
5.27
7.19
2.74
7.37
5.01
8.92
2.33
7.59
3.15
5.47
3.38
5.07
3.69
4.76
2.52
0.90
6.63
4.90
9.02
4.45
1.49
8.86
6.50
3.85
4.33
5.18
3.60
7.25
7.86
4.25
3.81
7.73
4.96
3.62
5.05
7.00
8.90
1.87
4.17
9.27
1.16
12.0
4.66
4.92
9.28
0.45
3.30
3.14
4.60
6.02
2.26
2.41
5.06
6.36
1.93
5.27
2.57
4.24
1.13
4.92
3.75
1.46
4.75
4.61
7.21
6.63
4.33
6.91
6.71
7.62
7.97
7.89
5.28
2.70
6.21
5.16
6.04
4.90
7.72
4.98
5.20
5.42
5.65
5.08
6.48
5.52
5.70
2.67
6.20
4.79
3.11
5.47
2.70
4.91
5.22
5.00
4.34
3.26
4.59
7.99
6.36
1.89
3.97
7.30
6.53
7.00
6.99
2.10
5.14
6.50
6.95
6.45
0.89
4.71
8.07
2.65
8.08
3.84
2.81
4.56
4.72
6.89
5.55
5.21
6.51
5.66
2.60
8.42
2.38
3.82
5.98
4.92
3.46
5.20
4.30
3.83
4.14
1.69
7.99
5.63
0.82
9.39
3.18
7.48
5.23
6.35
3.56
6.45
3.55
4.78
3.66
3.29
5.40
5.53
1.93
5.27
5.97
3.54
