6.61
4.34
3.40
4.25
7.52
5.85
4.68
3.79
2.81
3.22
4.33
6.43
6.30
4.61
5.12
9.17
4.95
5.47
6.16
5.67
10.2
4.85
5.03
6.54
3.03
3.94
5.59
3.77
4.70
7.89
8.29
4.22
5.06
7.42
5.65
6.24
3.04
4.36
5.36
3.11
4.58
6.87
1.56
5.14
2.82
5.91
5.79
4.83
3.75
4.75
4.73
5.85
5.71
6.37
5.19
5.90
6.57
7.02
3.84
4.54
6.30
3.43
9.27
6.81
2.87
7.44
6.69
4.72
7.35
1.88
5.17
3.90
6.31
1.22
3.51
4.36
6.61
5.30
3.85
6.69
4.54
4.45
6.63
8.33
5.46
3.76
5.71
5.58
6.77
3.66
5.14
5.98
5.69
6.88
6.11
7.23
4.65
2.57
3.43
8.93
8.10
0.20
4.75
6.61
5.09
5.38
6.44
4.84
5.09
5.36
5.42
3.20
5.84
5.00
5.65
4.14
2.16
4.73
5.25
5.55
4.30
11.1
3.19
2.37
1.80
3.58
5.93
2.26
4.33
4.05
5.97
2.97
4.39
8.80
5.11
6.54
5.54
6.66
6.24
6.27
5.53
6.83
6.34
3.51
4.83
1.12
6.64
5.92
7.97
5.57
8.10
7.57
6.90
2.17
2.74
4.89
2.86
4.56
2.62
9.11
7.41
6.09
3.94
4.25
7.00
4.68
4.53
2.80
7.94
6.35
4.74
1.53
8.84
7.50
5.08
5.16
7.71
2.24
4.66
2.53
2.85
2.19
7.32
6.07
6.87
5.53
5.87
6.04
9.77
6.89
3.72
5.54
5.37
8.70
2.82
2.86
0.58
3.58
5.48
5.08
3.87
8.08
4.05
4.93
6.67
6.24
5.75
3.05
4.26
4.23
7.65
5.59
8.77
3.88
3.30
6.06
4.12
5.61
11.0
6.52
5.35
3.26
1.58
4.24
4.26
2.86
6.12
4.44
3.91
6.75
3.78
7.16
5.57
5.89
5.81
5.43
3.48
2.68
6.00
7.88
2.74
3.67
3.66
5.62
6.63
5.02
8.01
4.45
3.80
3.40
5.07
6.06
6.31
1.40
2.24
6.46
9.89
4.46
6.39
3.72
4.71
4.55
5.62
6.85
5.21
6.70
5.84
4.68
4.09
4.51
6.04
3.96
4.45
4.46
4.25
1.36
3.26
4.63
4.47
5.35
6.10
1.81
5.06
3.48
4.33
4.59
1.69
4.49
6.64
5.31
6.43
3.55
7.71
6.43
3.99
4.43
1.18
4.74
3.35
9.21
5.53
6.35
3.73
1.30
4.19
6.34
1.66
4.78
2.13
1.06
9.12
4.45
2.75
2.79
6.08
4.42
3.61
5.35
3.82
7.50
7.64
5.14
5.41
3.98
5.34
7.14
9.36
6.05
3.37
2.89
8.24
2.58
5.61
4.42
6.24
5.14
3.48
8.74
2.94
5.38
1.49
3.98
3.05
4.09
4.90
7.28
8.85
6.35
3.23
3.77
4.13
8.70
7.08
5.14
9.16
2.84
8.16
3.81
4.91
2.57
