3.63
6.12
5.24
4.52
4.30
5.70
4.65
5.19
3.97
4.37
5.60
4.44
4.66
1.73
6.02
2.78
6.05
3.58
4.81
1.73
10.7
5.93
7.09
6.02
0.80
2.92
6.05
5.50
2.13
5.31
0.33
4.41
7.39
4.37
0.37
5.22
6.19
4.47
4.43
9.22
2.06
3.67
4.18
6.56
4.05
5.31
6.51
4.57
4.76
5.13
6.28
9.65
2.77
5.47
5.42
7.72
6.33
3.86
3.48
5.88
6.92
6.75
6.16
8.58
5.33
3.63
2.78
4.19
6.55
3.18
3.25
6.41
8.22
2.34
3.41
3.63
1.30
4.45
2.35
2.13
9.62
6.96
6.59
5.17
1.90
7.57
2.11
4.84
5.89
3.49
5.32
6.94
5.71
5.30
7.14
0.65
4.81
4.73
6.91
6.42
5.32
4.90
5.19
4.70
4.46
5.78
4.45
5.34
1.06
5.17
5.36
5.65
3.77
3.26
6.98
7.21
4.13
5.31
3.84
2.86
4.84
5.37
3.65
3.12
6.23
5.34
5.51
8.58
4.17
7.03
7.65
4.95
5.68
2.90
7.70
7.58
4.15
3.54
3.53
5.59
3.97
3.89
5.78
6.56
3.94
5.48
4.17
7.86
5.88
0.54
3.55
3.37
6.75
6.71
5.71
5.20
5.40
6.41
6.79
3.87
1.77
2.49
0.14
7.20
6.48
3.60
3.21
5.72
7.08
5.57
7.20
6.05
5.30
5.44
6.41
4.98
1.96
7.96
3.79
8.44
4.86
3.06
4.62
3.46
0.21
6.14
6.83
5.35
6.33
5.05
5.88
4.37
4.02
5.40
2.74
6.76
6.13
4.02
6.96
6.88
4.95
4.20
5.63
1.75
6.02
7.51
4.91
3.68
5.02
5.95
7.82
4.02
4.21
7.26
3.24
6.78
1.33
2.90
2.37
5.58
1.88
4.36
4.71
5.45
6.41
6.08
4.40
3.46
4.66
6.72
4.70
0.42
5.16
5.25
4.30
6.81
5.29
8.19
7.70
5.95
5.42
5.75
5.64
7.00
8.29
3.78
2.02
0.91
5.20
2.97
3.78
7.83
5.15
4.61
5.89
5.64
0.30
9.82
5.17
5.33
4.15
4.34
2.92
4.02
3.21
3.80
4.96
7.50
7.68
5.20
1.20
2.57
6.25
7.22
7.05
2.89
5.30
5.15
6.86
2.48
2.93
8.22
4.22
7.89
2.29
1.87
2.68
1.75
5.67
6.11
4.41
6.97
5.36
5.25
8.60
5.01
1.58
4.05
6.31
7.85
5.87
5.71
3.00
4.33
7.30
4.14
4.10
3.11
4.38
4.54
6.39
5.40
6.27
0.90
4.07
3.24
2.83
4.29
4.51
7.47
6.26
6.46
3.96
5.70
7.57
1.30
0.98
2.57
7.45
3.35
2.69
6.88
2.50
5.76
3.77
7.47
7.06
4.50
5.63
4.47
5.89
3.37
4.88
2.48
4.40
4.38
4.05
3.15
4.64
9.27
4.83
6.13
4.46
2.41
3.88
4.18
1.77
8.06
5.03
5.43
