3.93
2.36
4.46
3.54
4.20
2.32
6.75
7.22
2.75
5.66
6.70
3.11
8.14
1.97
0.68
3.62
5.89
5.13
7.51
2.50
6.59
2.15
4.40
6.41
7.21
6.66
6.41
5.09
4.33
3.10
1.48
4.80
4.64
6.25
5.50
2.12
7.73
5.94
3.19
1.15
6.43
5.07
5.36
1.98
4.03
3.24
6.10
3.96
4.15
5.00
5.09
3.94
5.16
3.11
6.52
5.01
5.91
5.71
4.58
7.59
1.57
8.15
3.92
2.75
3.43
5.19
3.58
5.86
4.55
9.59
5.49
4.88
2.65
2.50
1.81
7.90
1.98
8.99
4.27
3.46
8.86
2.12
3.89
4.07
5.57
4.95
5.68
6.39
2.91
6.49
4.17
4.04
4.03
4.23
6.64
3.39
8.01
3.14
3.80
3.65
5.25
5.24
4.13
7.35
7.06
6.47
8.12
1.87
3.84
8.50
4.54
6.62
9.27
2.51
5.86
2.90
4.02
5.27
4.22
2.77
4.23
1.65
3.42
5.53
2.95
2.43
0.31
5.16
5.34
5.15
10.4
5.15
4.98
6.46
5.02
4.29
4.18
7.03
5.38
2.41
7.19
6.58
7.05
5.61
2.92
3.69
4.01
4.53
6.46
4.85
5.69
6.77
8.84
5.54
1.52
6.39
3.56
4.67
3.91
4.31
7.90
2.89
1.56
6.06
7.30
7.70
3.11
4.96
5.89
7.87
8.00
3.15
1.10
6.56
5.46
6.20
0.67
7.28
2.90
3.57
3.19
1.20
6.86
4.93
7.86
4.05
5.82
3.67
1.61
2.62
6.43
5.23
9.48
8.58
1.78
6.02
5.47
7.50
5.17
7.85
6.61
3.35
3.89
4.89
3.00
4.13
5.04
6.50
4.45
5.16
5.51
8.32
7.63
5.68
4.75
4.31
5.01
1.96
3.15
9.42
6.03
4.03
5.28
7.42
6.87
3.02
2.73
4.72
4.13
6.55
4.59
3.19
5.73
4.71
5.39
4.51
6.34
3.85
2.80
6.41
1.46
2.65
5.72
7.21
7.70
7.65
5.79
5.48
3.27
4.79
4.16
5.20
7.80
2.96
3.94
0.38
2.21
6.10
4.80
4.70
5.24
3.16
3.87
3.73
3.91
4.60
4.78
5.90
3.14
4.33
8.45
4.57
4.21
5.42
5.33
3.22
4.52
5.69
5.73
4.98
4.78
3.94
8.55
4.96
3.87
7.74
6.70
6.53
3.35
4.54
6.69
2.55
4.03
5.55
2.50
2.43
6.54
6.30
3.99
6.32
2.94
8.86
6.67
7.22
4.33
3.51
2.14
6.91
8.39
5.49
5.77
6.92
10.1
8.00
4.48
5.15
5.07
5.14
4.71
3.34
8.52
9.58
4.58
5.19
2.14
1.94
7.35
4.19
6.53
3.09
5.15
4.00
5.07
2.43
7.30
5.97
4.93
5.96
4.81
6.70
5.14
3.39
6.61
4.73
7.55
4.57
2.12
4.48
8.54
5.84
2.98
4.36
3.62
4.90
1.33
5.56
3.38
6.88
7.13
1.78
