6.65
1.93
8.20
4.97
4.61
1.87
5.38
3.65
7.20
0.32
4.44
4.60
0.82
6.57
4.75
4.01
7.17
6.66
3.80
4.87
8.39
7.86
5.97
4.39
4.75
5.91
6.27
3.59
5.84
0.29
1.95
2.36
3.80
6.56
6.26
3.30
2.47
6.86
5.02
5.90
5.95
2.78
7.58
3.00
4.46
6.64
5.16
0.73
5.14
5.10
4.56
3.80
9.58
1.32
4.87
6.31
2.71
1.61
6.60
5.45
7.65
5.96
8.01
4.75
5.69
6.20
4.00
5.71
4.57
6.23
3.43
2.28
7.00
3.15
5.50
4.61
7.29
4.57
6.03
8.20
6.00
5.85
2.83
4.52
0.95
3.99
3.74
6.33
5.98
6.08
2.72
5.05
3.63
2.18
3.81
4.89
2.94
4.64
5.63
4.60
5.47
0.73
3.79
2.32
3.05
7.53
3.92
7.85
0.16
6.17
5.97
6.14
2.33
5.58
5.38
5.88
0.99
2.04
5.59
5.68
4.74
2.74
5.88
1.28
4.29
2.48
8.14
1.34
2.34
4.39
5.37
7.65
2.02
3.64
7.58
2.61
1.79
7.14
3.85
5.42
5.25
4.71
9.10
5.26
3.42
6.74
7.02
2.61
2.62
5.04
4.96
7.90
5.46
7.54
4.55
5.65
5.20
5.31
5.29
6.68
4.36
3.53
5.21
3.94
3.18
4.88
5.17
4.89
4.37
2.63
5.51
2.86
8.49
4.42
5.35
5.92
7.21
4.23
5.21
0.55
1.31
4.37
4.68
3.22
4.46
4.24
4.14
2.50
5.68
9.62
5.09
7.61
2.56
8.35
2.13
5.49
5.97
5.54
1.92
3.55
1.60
6.38
7.09
6.34
5.74
8.62
4.03
0.40
7.52
5.05
9.10
5.67
7.38
2.95
5.99
4.86
4.53
2.99
1.75
2.16
5.98
7.93
7.41
0.34
1.23
6.61
4.50
5.65
4.16
5.14
4.12
9.20
2.99
5.78
5.86
6.22
8.82
5.83
6.56
4.74
6.73
7.74
4.20
4.36
4.06
6.24
6.06
5.41
6.00
7.54
3.94
5.61
2.62
5.72
7.44
3.41
3.40
7.42
4.38
6.23
5.82
8.01
2.73
1.82
2.15
5.16
5.71
2.94
4.42
4.61
2.89
5.90
7.03
5.73
4.51
4.59
5.78
4.87
5.20
8.22
5.40
3.52
3.73
4.40
2.53
7.03
5.51
5.88
4.64
3.89
2.68
4.51
3.12
6.46
3.33
6.30
7.64
6.52
5.78
7.28
8.20
6.09
1.40
9.27
4.89
6.29
6.19
6.09
8.60
7.58
6.96
4.68
5.07
4.14
5.75
1.37
5.51
6.78
6.17
7.17
0.48
3.26
6.62
0.15
3.64
7.05
3.95
8.05
5.76
6.99
3.07
5.16
7.35
5.33
4.41
5.75
7.07
3.33
4.71
5.18
7.06
7.47
3.84
2.62
2.54
4.10
6.36
7.89
4.65
4.55
4.85
4.37
4.88
2.98
4.55
3.07
4.29
5.97
6.19
4.02
