6.82
6.11
3.68
6.71
2.27
4.24
3.06
4.96
3.85
3.35
2.78
8.23
4.42
8.88
4.23
5.86
1.44
7.43
5.53
5.51
4.65
7.64
2.30
6.73
5.84
4.45
5.24
5.03
8.17
4.59
3.49
3.89
5.96
4.72
7.55
6.59
2.37
4.78
5.04
4.62
4.97
5.61
2.71
5.45
5.42
5.66
8.36
2.78
3.41
4.49
3.10
5.76
8.92
5.16
5.12
8.64
6.78
5.88
4.86
4.21
5.89
4.64
2.25
4.91
1.29
5.85
6.72
3.50
1.01
4.88
4.43
5.39
1.47
5.33
7.81
5.84
0.33
1.91
6.45
11.0
5.63
5.23
4.09
3.61
4.18
4.24
6.81
7.39
3.82
0.58
7.39
3.75
5.63
2.47
3.93
4.56
4.58
2.63
7.84
5.11
7.55
4.08
5.18
6.31
4.76
9.80
4.88
7.19
2.88
5.42
2.89
5.31
5.30
5.83
5.98
4.95
8.48
6.55
1.56
5.01
3.47
6.91
4.57
2.11
6.83
1.71
3.20
5.88
5.27
4.73
4.19
3.09
3.52
5.04
3.93
4.02
6.59
3.94
7.34
3.87
6.64
2.61
4.40
4.73
3.49
4.02
6.10
8.10
3.99
5.06
5.43
5.14
7.65
2.71
2.77
3.43
3.59
3.22
5.71
4.14
2.99
2.33
6.07
6.04
6.24
4.77
7.41
5.29
6.81
3.19
10.0
2.88
3.76
5.80
6.15
4.68
4.46
4.31
2.80
2.57
7.71
3.51
8.09
5.14
5.39
7.55
5.69
3.95
5.32
5.46
4.14
4.81
4.84
5.12
8.51
8.69
3.18
5.89
3.32
4.23
2.24
5.79
2.72
3.77
5.96
6.56
4.98
2.77
2.42
5.96
6.43
4.96
5.69
6.42
3.17
0.74
5.92
3.49
2.84
6.95
3.34
5.65
6.25
7.49
5.89
1.18
5.00
7.50
6.48
6.04
4.74
5.04
2.32
7.21
5.45
3.52
4.01
5.92
6.37
5.02
1.85
3.93
6.63
2.87
6.90
4.96
1.84
1.65
7.81
6.64
5.07
7.05
5.93
5.45
6.91
7.04
5.75
5.28
4.08
3.50
1.18
3.84
6.55
7.21
2.91
4.99
3.35
4.63
3.99
10.6
7.11
2.73
5.03
7.39
2.47
6.78
5.89
5.68
6.77
9.24
4.36
4.70
4.79
7.54
4.40
4.33
2.83
2.36
7.53
5.87
3.94
3.94
0.70
4.33
5.00
1.57
2.99
8.70
3.37
7.49
7.65
7.00
3.79
6.69
4.16
6.50
3.08
6.21
4.05
3.31
1.33
4.84
4.43
1.38
5.61
0.75
6.21
3.41
4.68
3.93
2.83
5.88
8.15
5.45
2.60
6.15
5.62
5.35
3.02
4.40
6.27
4.05
5.84
3.07
3.65
6.97
5.04
4.60
6.77
3.46
5.29
6.52
5.12
1.52
4.00
5.39
4.25
6.36
4.54
5.62
5.35
3.36
2.69
6.60
3.20
8.26
7.26
6.70
6.88
3.74
