6.55
6.77
6.83
3.97
2.41
2.90
4.99
8.13
7.01
8.12
6.95
6.63
2.20
6.01
3.74
8.22
6.91
3.16
1.44
3.78
6.15
6.83
4.46
5.29
7.37
4.36
6.69
2.62
5.42
3.80
5.32
2.38
4.60
8.24
5.35
0.72
5.40
3.82
5.66
2.88
7.65
4.71
8.32
6.84
4.16
3.01
7.31
7.53
0.98
5.51
4.85
2.85
2.30
5.67
7.37
1.90
2.24
7.21
7.20
3.55
2.89
4.86
6.93
4.92
3.11
3.79
4.97
8.93
5.95
3.36
4.89
2.58
5.71
3.54
2.65
5.49
5.62
0.61
8.68
4.45
4.03
7.00
5.76
6.59
5.44
5.42
7.98
3.61
1.67
0.34
1.59
6.28
6.13
7.30
4.01
2.80
5.04
5.64
4.49
7.89
4.72
5.90
4.13
3.55
6.64
3.82
5.95
5.08
1.42
4.20
5.19
4.67
7.22
6.38
2.81
5.71
6.87
6.70
2.94
6.69
6.50
4.15
3.64
11.0
4.00
3.03
4.74
5.59
4.42
6.05
3.99
7.16
3.77
4.93
3.79
7.70
5.36
5.58
4.69
6.05
4.90
2.53
8.67
6.32
5.11
5.49
2.76
1.92
6.98
7.92
4.30
4.79
7.09
5.52
5.17
4.86
2.83
6.91
3.53
2.86
2.14
5.84
5.73
2.82
1.79
3.96
2.31
8.33
5.96
2.99
3.09
7.31
4.06
3.34
5.43
7.74
5.75
1.97
5.33
5.45
5.29
3.64
3.66
5.00
3.08
5.33
4.17
3.05
4.08
4.83
6.38
6.39
5.69
5.11
4.08
2.02
6.77
0.30
3.57
7.51
3.14
4.19
0.82
5.30
3.18
0.44
5.39
2.91
2.72
2.58
5.11
5.59
5.80
5.03
3.59
6.88
6.23
6.29
8.61
5.75
5.90
4.77
6.72
2.58
0.89
5.64
2.69
3.68
5.55
3.32
4.72
5.50
6.87
6.01
4.66
4.97
4.24
5.88
1.21
6.79
2.64
8.26
2.30
4.61
5.14
2.34
5.14
4.31
3.27
4.52
0.05
5.69
7.72
6.45
4.25
2.84
4.49
6.67
6.53
5.50
8.97
0.85
5.56
6.29
6.91
5.45
4.83
5.35
5.21
6.83
8.48
1.19
1.50
8.84
8.74
4.92
4.40
7.29
2.70
1.49
5.85
5.79
4.23
5.59
7.67
5.25
3.31
5.53
4.47
8.05
7.25
5.54
3.62
3.01
3.23
0.55
5.11
5.71
2.76
2.11
4.48
2.87
1.41
6.28
3.56
6.73
3.63
5.69
7.07
7.50
9.08
0.87
3.94
3.52
6.80
7.44
5.55
5.16
2.39
5.55
5.45
3.75
2.47
3.27
5.32
2.72
5.20
6.70
3.68
3.56
2.04
5.78
7.81
6.77
5.63
3.90
4.54
3.45
2.43
2.60
4.60
5.88
4.77
3.52
6.17
2.55
8.51
7.68
4.81
6.28
7.27
2.63
6.32
2.54
6.83
2.82
2.11
3.62
7.82
5.20
