3.41
4.40
3.45
5.92
7.98
3.60
1.09
6.83
4.45
6.12
3.96
4.42
3.70
9.00
4.35
2.46
3.07
2.89
4.49
6.41
1.14
4.89
4.56
4.07
5.63
3.56
3.66
5.42
2.76
2.07
4.16
6.26
5.93
3.82
1.80
4.05
6.32
6.07
5.01
5.58
0.78
5.92
2.00
4.90
4.80
9.22
7.21
2.21
3.69
7.46
5.63
2.18
4.90
6.28
5.13
5.66
1.97
6.16
3.87
4.86
5.32
2.51
1.91
7.11
4.31
3.97
5.74
1.38
4.19
3.20
6.00
4.35
8.15
6.66
4.13
5.22
4.72
8.65
3.63
3.56
6.77
7.81
5.34
6.46
5.43
3.81
5.76
7.12
5.94
0.64
6.70
8.04
3.66
5.94
2.86
3.89
2.45
4.48
2.16
3.92
6.61
5.77
3.65
1.73
0.36
5.33
4.15
1.41
4.73
5.43
3.48
5.45
3.03
4.44
5.28
3.78
7.43
7.56
8.69
3.99
4.52
6.12
3.38
5.99
4.50
7.14
2.97
10.3
8.09
5.07
1.96
3.27
3.48
5.03
6.21
6.85
5.02
3.05
3.72
6.02
3.47
1.38
2.86
2.98
3.61
6.27
4.92
6.19
5.27
5.55
8.45
5.96
6.16
5.27
1.86
4.14
5.70
3.48
0.50
3.13
5.56
1.53
1.83
4.68
3.55
1.71
3.17
4.78
4.89
3.68
6.19
3.23
3.89
8.38
1.95
1.34
4.45
5.71
2.37
0.33
3.30
7.85
4.75
9.03
3.91
6.99
5.60
3.77
5.66
3.07
4.90
1.11
3.67
5.14
5.41
5.33
2.28
2.72
5.35
2.66
2.04
2.44
7.86
6.84
4.99
6.44
6.36
5.97
6.62
8.53
7.11
7.84
2.81
6.99
5.07
8.29
5.15
5.83
4.65
2.71
4.72
4.28
7.66
2.94
5.69
4.55
2.97
5.09
3.35
3.79
9.42
3.52
4.29
4.01
3.97
8.87
1.99
7.00
5.64
4.31
4.72
4.52
2.88
7.70
5.88
4.90
5.84
7.15
2.50
5.45
7.42
5.32
2.39
8.60
4.26
8.85
1.35
3.68
6.62
7.45
6.75
3.85
7.21
5.17
2.38
5.90
7.59
8.16
5.60
5.74
4.07
10.0
6.58
3.43
7.95
2.09
1.01
6.72
5.81
4.04
5.17
7.41
6.19
2.19
4.62
6.44
2.99
4.27
7.29
2.41
4.74
8.35
4.05
4.66
5.46
4.17
4.50
5.76
2.14
9.78
7.93
4.77
5.25
6.13
8.86
5.53
9.00
3.77
5.63
1.38
5.96
5.58
4.39
6.47
7.21
5.26
5.34
2.75
4.29
5.94
6.38
8.07
2.88
3.55
4.31
3.19
3.43
2.33
3.32
4.47
7.54
4.71
3.96
5.03
3.19
3.77
4.14
3.81
6.34
6.69
5.40
6.71
9.66
8.43
4.58
5.43
6.55
5.54
4.70
5.73
1.87
5.23
9.76
5.75
3.88
4.93
3.60
1.96
0.91
8.23
