3.71
4.23
2.58
7.75
6.50
3.58
10.1
5.83
3.61
5.30
6.53
4.90
7.62
5.45
5.02
6.58
5.12
4.07
7.21
6.85
4.55
4.09
3.37
4.17
8.98
3.23
5.78
4.66
2.64
5.08
7.37
0.36
0.07
5.73
2.11
1.36
5.29
2.93
5.58
5.55
2.03
3.74
3.40
3.65
2.61
1.85
8.70
5.59
2.08
4.69
5.63
5.50
3.59
7.28
3.19
5.64
7.55
4.55
4.46
5.19
3.57
2.65
6.92
4.64
6.47
2.27
7.52
5.09
4.31
4.86
9.33
7.33
4.37
6.89
6.82
8.25
5.89
6.30
5.36
2.35
5.20
8.17
6.39
2.27
7.94
6.12
4.15
3.01
6.38
4.77
6.73
3.45
4.41
4.89
5.31
8.21
1.52
3.49
5.80
7.52
6.35
5.99
3.97
2.60
5.85
7.35
4.78
3.85
4.17
3.86
5.03
3.55
0.92
4.43
0.65
6.21
9.29
2.90
4.54
5.21
7.04
5.68
4.06
4.07
4.15
1.53
6.02
6.93
5.03
4.25
3.18
3.98
3.75
7.15
9.03
3.63
5.11
5.36
5.86
7.11
3.99
2.68
5.44
2.23
3.49
6.44
6.09
5.29
2.97
4.52
8.26
5.00
3.89
5.49
5.64
5.44
4.64
2.83
5.45
4.09
3.57
3.08
4.23
0.70
3.93
5.03
2.28
3.72
2.96
5.78
2.39
4.48
4.67
2.47
2.63
2.92
7.34
6.68
8.85
2.79
6.08
6.30
5.08
5.61
6.86
6.24
6.35
1.06
1.69
1.24
7.21
6.24
5.12
5.87
1.84
4.21
5.13
6.93
3.29
5.38
6.04
7.22
0.59
5.14
6.84
8.52
3.17
6.57
6.22
2.56
4.57
7.37
7.98
7.98
3.22
1.39
5.26
5.67
8.36
2.93
4.63
4.46
4.37
6.64
6.03
2.12
3.29
0.35
1.07
3.33
1.55
5.44
2.97
4.53
7.09
5.92
5.71
6.94
4.63
4.85
4.30
3.27
2.88
6.67
3.10
3.60
4.13
3.12
6.36
4.01
5.52
6.21
3.72
3.30
5.98
5.57
5.94
7.31
5.85
6.23
4.35
4.96
5.35
4.34
5.46
12.0
5.62
8.96
6.72
6.64
4.97
4.49
8.74
0.85
6.33
7.83
3.12
4.95
3.55
4.58
5.68
5.07
8.07
6.61
7.22
3.09
0.93
5.65
7.06
6.43
0.40
3.41
6.49
7.60
6.34
7.14
5.97
0.84
1.89
5.55
5.26
1.77
5.88
4.49
5.79
3.43
3.06
2.00
4.00
6.46
3.38
4.25
7.41
2.84
5.51
4.27
2.02
6.24
0.79
6.67
4.15
2.71
4.82
4.30
7.18
3.13
4.02
3.56
7.26
7.11
5.22
8.30
10.1
4.63
8.18
3.29
3.52
6.44
8.05
5.33
4.12
1.66
3.24
3.27
6.58
3.21
5.96
6.69
3.91
5.11
2.99
3.93
1.95
4.74
4.45
7.71
6.91
4.57
0.64
4.97
