5.15
4.56
7.17
7.64
7.70
6.98
2.42
4.89
2.57
6.64
4.28
3.35
3.65
5.70
5.40
2.57
1.85
3.07
7.21
4.39
5.83
4.54
4.99
4.85
4.32
2.68
6.03
3.83
4.61
3.83
2.69
6.24
3.08
4.72
6.50
4.33
6.15
5.49
8.80
5.77
2.61
1.96
5.20
7.05
5.83
5.69
4.77
3.71
6.04
9.49
7.68
5.69
7.19
8.08
9.81
5.42
5.01
6.13
4.63
5.90
9.16
1.46
5.90
4.85
4.88
5.25
5.70
6.91
4.09
6.01
5.39
8.08
3.24
7.50
3.70
4.62
3.54
6.83
3.13
2.03
3.46
4.83
3.61
2.23
6.78
7.70
3.22
4.68
8.24
0.65
3.62
3.46
7.47
2.88
6.03
9.28
8.09
9.69
10.3
6.93
3.09
3.89
4.01
3.85
4.08
3.19
3.21
4.30
7.25
8.36
3.08
3.31
3.48
5.59
1.26
6.46
7.09
5.06
7.17
7.30
6.34
8.97
2.99
4.59
10.2
5.68
5.90
4.10
3.43
8.03
5.81
5.10
6.59
4.10
3.41
4.21
5.61
3.93
5.13
5.53
4.48
5.45
4.40
1.39
5.28
6.13
4.02
6.06
7.85
6.60
7.00
1.94
4.93
3.09
3.36
2.77
3.38
4.16
7.91
6.75
5.03
7.50
4.65
6.31
4.70
9.46
3.98
3.98
3.92
6.69
5.01
7.48
2.74
4.65
8.38
2.75
3.45
4.43
7.03
6.72
8.35
4.97
5.62
7.69
6.68
5.39
2.70
1.57
3.19
7.66
6.70
6.38
3.69
5.01
7.25
7.33
5.39
7.97
6.02
6.88
3.32
3.87
5.28
4.41
8.78
2.72
5.17
5.37
2.59
3.80
5.26
3.32
7.15
7.63
8.03
4.01
3.01
5.81
3.49
4.06
1.73
6.30
2.63
2.01
4.14
8.84
4.13
4.58
2.94
3.65
1.67
8.32
4.07
9.23
4.46
7.50
6.62
1.11
3.16
8.14
3.87
3.43
6.32
7.32
4.99
4.83
5.46
2.25
6.69
4.04
6.05
3.91
6.83
4.10
9.36
4.38
6.89
5.98
4.98
3.64
3.61
3.90
3.98
2.54
2.09
7.95
6.78
10.2
3.21
2.34
3.85
4.93
5.14
6.20
9.79
4.33
3.71
4.54
6.25
4.99
3.78
9.58
4.29
3.81
2.87
7.51
1.66
2.87
2.90
0.64
8.97
6.09
7.24
4.73
8.78
7.52
4.02
4.76
0.52
4.25
4.55
5.45
5.52
4.17
5.31
4.84
9.30
9.76
6.22
4.87
7.51
5.08
4.05
4.81
2.53
3.58
5.57
5.90
8.36
9.30
6.43
4.55
5.72
1.55
3.51
5.08
3.43
5.80
5.99
3.77
5.86
4.95
6.16
3.85
1.99
3.15
3.28
5.92
0.43
0.92
3.62
7.15
4.96
5.55
5.74
6.50
4.43
5.10
3.63
3.41
4.19
4.79
5.54
1.63
3.56
6.10
3.39
1.43
3.40
6.69
