3.02
5.40
3.78
5.93
4.18
4.53
1.99
3.99
5.78
4.80
2.90
6.76
5.29
6.50
9.05
2.94
8.26
4.18
7.27
4.32
2.57
10.9
3.45
4.98
7.89
6.83
4.47
7.90
3.46
4.94
3.12
4.64
3.40
1.47
3.53
2.62
4.55
5.41
8.21
3.97
8.09
6.93
1.79
3.49
1.57
6.71
7.25
4.88
5.11
1.73
5.15
7.63
3.50
9.42
7.87
3.52
0.76
6.16
2.48
5.13
5.81
6.03
4.69
6.24
3.47
5.05
5.06
4.25
6.96
3.88
4.26
4.73
6.24
2.82
9.15
6.62
5.57
8.44
5.62
6.97
4.52
3.15
1.33
7.14
4.77
4.55
4.19
0.79
8.31
3.53
7.05
0.39
3.48
6.91
5.25
2.30
3.96
7.50
1.80
7.04
4.08
4.11
5.62
3.21
8.58
4.10
5.11
8.34
7.65
9.72
5.51
8.83
7.39
6.45
5.66
2.74
3.43
2.44
7.24
4.12
5.59
4.30
1.51
9.22
7.86
5.25
3.24
5.83
6.13
2.67
6.07
4.88
2.86
2.67
6.58
1.30
4.67
3.71
4.27
3.53
7.25
2.69
7.18
3.02
6.27
2.28
4.12
4.95
6.76
4.37
4.59
5.10
5.18
4.17
6.77
5.61
5.84
6.96
6.00
5.64
5.54
4.74
0.75
5.76
4.37
6.79
3.54
6.00
5.91
6.57
6.23
1.89
3.51
5.80
4.03
6.85
8.74
4.05
5.13
5.16
0.22
3.79
1.11
3.32
1.73
5.39
6.20
4.17
5.22
8.42
4.42
0.76
7.05
3.17
6.19
3.51
6.13
4.96
5.18
5.90
8.14
4.90
1.63
5.66
4.83
6.50
5.51
6.58
8.69
3.39
3.82
1.69
7.54
2.86
3.88
7.47
4.73
2.73
4.58
8.33
2.45
7.63
4.37
6.65
6.85
7.33
2.39
4.64
4.55
7.25
4.69
5.61
2.94
7.74
4.46
6.26
7.24
6.01
4.79
9.14
5.52
5.14
2.11
2.88
6.20
3.30
4.08
1.76
4.42
5.16
7.71
3.83
8.84
5.54
3.65
5.43
5.92
7.27
2.17
3.46
2.71
6.57
2.26
3.60
4.99
4.86
4.99
5.89
3.39
5.12
8.27
1.31
1.80
3.33
4.76
3.61
0.88
5.48
3.79
2.65
2.10
6.87
3.15
7.35
7.35
1.18
6.20
1.95
5.28
3.30
5.50
6.10
5.81
2.81
2.85
9.38
1.08
7.30
8.94
5.98
4.34
5.51
6.79
4.06
4.54
9.00
1.89
4.73
1.95
5.45
2.76
5.98
5.21
5.56
8.15
4.96
3.18
3.76
5.57
5.00
7.53
4.91
6.21
2.55
4.72
6.70
4.95
4.55
7.41
6.35
8.02
5.08
8.20
3.68
7.82
8.24
3.92
6.48
3.68
7.92
2.54
5.16
6.97
5.08
5.33
5.08
6.02
8.47
3.07
4.46
1.99
5.53
7.07
7.31
5.51
8.67
5.02
6.50
3.01
2.63
