7.21
4.79
1.68
5.33
3.29
5.40
6.46
1.73
5.62
4.04
4.96
4.59
5.50
10.2
0.86
4.14
6.88
8.65
5.80
4.89
2.39
2.05
5.43
6.57
0.98
6.00
4.89
4.21
4.13
5.26
2.15
4.89
4.36
6.04
3.51
3.68
5.72
5.69
4.37
6.27
3.52
5.73
5.33
5.68
3.19
4.82
7.57
2.49
7.99
4.45
5.00
4.13
1.76
5.83
3.59
4.00
4.92
5.05
4.66
4.02
4.58
5.96
2.14
4.01
8.54
5.16
8.34
6.15
5.07
4.20
3.65
10.1
7.15
3.13
3.85
3.20
5.37
5.97
2.94
7.17
4.83
3.82
1.42
7.61
6.85
4.55
3.71
6.36
5.10
2.71
1.65
4.57
3.12
5.91
4.51
5.90
4.80
3.07
5.33
3.87
5.25
3.59
3.61
3.80
6.31
6.01
2.66
6.53
2.53
2.95
2.60
6.95
6.06
3.93
4.33
3.40
3.90
3.99
4.55
5.91
6.29
3.53
8.43
2.16
5.10
0.53
5.87
2.62
4.30
4.55
3.60
5.51
2.97
3.04
6.50
8.26
4.56
0.92
4.54
3.88
3.28
0.83
6.27
3.86
9.63
0.92
5.64
2.79
5.56
5.01
6.80
5.51
5.89
2.35
4.96
3.20
9.68
7.61
5.01
3.43
7.68
5.09
6.60
3.62
5.01
5.54
5.66
4.57
5.23
8.69
1.99
5.74
6.05
2.65
5.57
2.77
4.71
6.56
5.56
6.92
6.56
5.57
5.61
6.48
5.38
6.61
3.08
7.25
3.44
4.20
0.66
8.50
9.92
2.65
5.14
2.04
5.87
7.65
6.75
2.91
7.41
3.78
5.25
8.36
2.73
6.26
4.16
4.97
2.71
5.39
7.56
5.66
4.69
7.14
5.61
3.71
2.00
10.3
4.26
4.12
8.64
5.82
7.02
7.00
6.51
8.97
6.15
7.99
5.42
1.38
7.50
3.47
6.02
4.03
3.17
7.74
3.01
5.88
4.50
6.63
7.62
1.99
5.98
4.27
5.44
1.70
4.86
9.38
9.18
6.98
5.97
6.77
1.63
6.67
2.22
8.69
3.51
4.19
5.05
3.55
7.72
3.12
4.19
5.75
7.34
3.68
4.35
4.84
5.09
5.93
7.25
9.22
5.80
4.93
5.20
6.08
4.76
10.5
5.56
5.58
5.23
4.05
3.31
3.70
3.84
3.52
5.97
3.66
2.08
2.91
3.73
5.50
7.36
4.54
5.21
4.46
4.77
4.11
4.12
7.57
4.41
3.78
2.64
6.82
8.30
5.53
4.90
5.80
0.42
4.93
5.41
4.37
5.57
2.87
7.97
5.28
4.20
5.10
5.70
2.34
1.88
5.72
7.37
0.93
5.93
6.08
6.28
0.33
2.75
5.77
2.74
4.84
7.08
2.11
6.06
7.49
7.11
4.49
2.98
4.20
6.48
4.25
4.13
4.28
2.87
5.18
4.74
7.29
7.00
5.86
3.39
7.31
6.27
9.18
8.36
7.11
3.42
2.73
2.60
2.61
