3.23
6.29
7.51
7.36
4.16
5.78
5.63
6.00
3.26
6.81
2.54
4.34
2.50
6.52
4.06
3.66
1.26
4.69
4.10
5.95
5.05
5.50
5.88
8.31
5.55
4.77
6.47
4.53
5.69
3.94
5.06
5.58
3.08
8.93
5.08
6.74
7.98
3.93
4.63
5.89
4.95
2.36
5.10
6.43
2.90
3.07
3.96
2.47
6.27
6.80
7.82
8.03
5.99
8.20
4.06
7.63
4.64
10.1
4.48
4.00
6.17
4.75
1.98
9.31
4.77
3.15
5.34
5.82
5.34
3.26
4.98
4.61
4.18
2.97
5.93
5.42
5.14
2.76
4.58
4.27
9.70
4.89
2.30
2.69
4.03
4.05
4.91
6.13
5.33
6.49
1.92
1.29
6.81
6.24
5.05
4.82
6.45
2.63
6.62
5.61
2.14
3.58
5.43
3.62
6.10
5.32
6.52
4.77
5.18
2.30
6.47
3.14
6.07
3.24
4.93
9.06
5.32
3.46
6.30
3.32
2.60
4.22
8.68
4.47
4.98
5.34
7.25
1.67
7.88
7.70
5.45
6.07
6.19
3.75
8.90
1.17
3.22
8.25
6.54
3.93
4.84
6.23
2.20
5.46
4.88
5.98
1.40
5.19
2.41
4.98
7.04
3.17
5.24
5.20
4.78
8.92
4.42
3.19
6.28
9.03
5.39
4.78
1.74
5.31
3.76
8.41
4.02
3.70
5.51
3.88
4.59
4.70
2.56
6.39
3.39
1.61
4.99
5.22
3.81
5.78
5.69
6.95
3.76
7.39
3.87
2.77
8.51
5.31
6.22
5.41
2.86
3.70
8.79
6.44
3.49
4.66
4.86
9.22
1.96
5.73
4.32
5.39
6.94
11.0
3.03
6.60
5.56
5.41
5.16
7.94
6.02
3.06
5.69
0.66
7.83
0.94
4.46
5.55
7.85
1.85
5.68
2.48
4.73
1.02
2.33
5.19
6.08
2.94
5.84
2.24
4.64
5.43
8.62
6.06
4.74
1.48
6.83
3.23
1.79
6.54
4.27
10.1
5.87
4.36
3.42
4.68
5.06
7.96
5.51
0.58
7.49
4.11
5.48
5.04
2.61
5.77
6.71
1.86
2.37
6.37
3.69
4.62
4.78
6.10
6.94
7.22
8.45
2.30
6.06
4.46
6.17
7.76
5.64
4.26
3.57
6.05
3.83
3.27
7.95
5.64
7.16
3.87
2.45
4.71
2.59
8.65
8.82
4.23
4.83
3.51
5.35
1.30
0.31
5.77
4.12
7.25
5.77
5.92
4.38
3.09
5.10
8.74
8.49
3.19
6.27
2.51
0.44
0.92
6.66
7.52
5.16
7.66
7.28
6.45
4.57
6.24
0.32
5.49
5.95
2.99
4.76
5.05
1.73
0.32
4.85
8.32
3.71
5.67
2.82
4.58
6.77
3.97
5.10
5.47
6.17
0.56
4.14
5.10
6.56
3.06
5.63
3.35
4.47
4.64
5.76
3.38
4.84
3.97
1.56
6.64
3.94
6.69
5.45
3.80
4.72
5.34
3.29
6.16
6.15
4.26
