4.01
3.77
9.48
7.50
4.31
1.21
6.47
4.83
3.95
3.94
5.16
4.40
3.49
6.26
5.41
3.34
7.02
2.36
3.90
6.56
3.46
4.48
7.03
5.66
5.54
5.86
6.44
6.26
3.24
3.76
4.95
6.59
5.85
6.00
4.80
3.99
3.72
5.90
7.66
2.18
4.92
7.11
7.54
9.42
4.68
4.34
5.79
6.88
7.21
6.21
2.39
4.95
5.97
3.51
6.69
6.07
6.30
6.07
4.55
5.08
2.60
6.74
7.79
4.35
6.36
6.89
4.22
4.22
7.60
2.68
3.80
6.67
9.31
4.81
5.19
6.15
6.25
4.59
7.89
5.97
4.50
5.53
0.58
3.61
5.14
2.57
7.72
2.05
7.50
7.27
4.14
5.71
4.39
5.54
4.20
5.21
3.13
6.12
5.03
2.11
6.31
2.59
2.19
2.84
1.58
4.04
4.80
5.82
4.60
4.58
7.09
3.18
3.88
4.84
6.70
7.29
4.38
4.14
3.19
5.74
2.84
8.67
3.34
2.37
6.18
1.88
5.28
4.39
5.37
6.10
3.75
6.98
6.17
5.68
4.97
7.35
3.82
1.16
5.87
1.44
6.39
6.72
3.15
4.86
4.31
3.45
6.65
6.16
6.70
4.99
1.69
7.60
6.47
9.44
7.07
6.55
7.03
3.78
4.42
7.38
3.69
7.77
1.91
5.62
6.08
3.13
7.56
7.06
3.84
7.80
7.47
3.34
3.59
7.11
6.19
3.97
4.16
8.94
2.55
4.50
2.64
7.83
6.31
5.49
9.63
5.73
3.33
6.75
2.96
6.85
1.19
5.73
1.01
6.81
3.07
4.38
4.73
4.36
3.78
6.97
7.79
4.24
5.08
5.48
4.78
6.07
7.60
5.88
3.20
8.05
4.93
2.09
6.17
4.03
5.22
3.76
2.03
4.02
3.63
1.98
5.56
6.10
9.00
5.56
2.66
4.78
2.40
5.55
4.38
5.34
5.45
6.28
3.34
4.96
3.82
2.46
2.39
3.00
4.77
6.98
4.33
5.45
1.28
6.62
4.22
5.83
7.59
4.37
5.28
5.19
3.67
3.15
9.23
8.72
6.99
4.88
5.95
5.30
9.11
4.41
4.22
2.19
2.08
6.56
3.45
4.52
8.18
4.16
3.01
5.43
6.73
5.39
5.86
7.91
5.99
3.54
3.52
5.87
5.32
7.92
5.72
5.45
1.62
7.55
5.01
3.59
6.14
5.00
2.75
5.85
3.83
8.74
5.12
5.88
3.40
3.76
8.01
3.73
5.79
4.67
5.18
3.27
3.24
2.21
2.47
5.31
1.97
4.24
7.30
6.54
2.74
2.76
3.16
1.68
2.92
0.31
4.99
3.27
4.58
3.73
6.76
6.77
6.07
5.34
5.65
4.71
4.07
6.74
6.00
4.85
4.02
8.52
5.32
2.91
4.19
6.09
4.95
4.42
7.43
6.84
3.95
5.71
7.83
6.04
5.43
5.54
2.84
6.40
2.50
7.95
7.79
7.84
8.07
2.98
5.69
4.78
6.59
2.92
8.09
2.99
