6.43
5.83
2.00
1.37
4.17
9.81
5.88
3.61
3.68
5.49
6.58
5.14
8.27
6.82
4.36
4.78
2.68
3.70
5.27
6.10
3.79
6.71
7.42
2.97
6.41
4.07
8.57
3.88
9.89
5.73
4.65
6.63
1.79
8.22
5.50
6.55
7.11
3.87
5.83
3.28
5.90
4.60
4.33
3.15
7.82
4.98
3.70
6.58
5.01
4.98
1.18
5.18
5.55
6.64
4.97
5.03
5.01
2.84
2.07
2.50
4.41
1.85
3.45
5.89
6.67
6.61
8.13
1.69
7.06
6.06
7.27
1.79
8.66
3.50
3.25
3.03
7.41
5.45
8.05
8.50
5.49
3.68
2.45
6.40
0.71
2.71
6.16
5.12
2.91
4.82
3.45
5.29
5.56
5.84
4.63
7.56
4.86
4.16
1.73
0.86
7.08
5.62
3.52
10.5
8.23
3.20
7.00
6.14
3.85
4.81
2.47
5.14
6.88
8.78
3.12
9.52
3.21
4.74
4.15
6.78
5.44
10.1
4.47
6.13
4.85
4.72
6.94
2.85
6.57
8.52
5.06
6.55
5.45
5.42
5.74
3.94
6.87
1.17
8.39
7.15
6.39
3.14
5.24
7.80
6.96
3.79
1.30
1.51
3.94
6.38
4.07
2.75
5.93
6.30
0.18
5.53
8.82
2.40
5.79
6.72
4.51
4.55
5.45
3.39
1.44
4.01
1.63
1.89
6.99
6.99
7.67
6.26
4.44
5.59
4.90
7.42
5.35
7.00
5.11
8.26
3.17
4.68
5.99
4.60
3.40
7.79
6.92
5.30
2.15
8.65
0.61
5.63
7.63
5.47
6.72
5.34
4.02
5.96
2.80
3.52
7.29
7.00
7.82
3.14
6.46
4.67
8.38
7.61
5.06
2.71
4.82
6.83
4.57
3.43
4.74
5.61
5.63
3.12
2.89
6.22
3.79
5.69
9.55
6.44
10.3
4.85
4.67
2.83
1.05
4.12
1.50
5.24
7.77
4.15
4.52
5.98
4.20
7.32
4.71
4.72
1.06
1.17
4.98
4.60
7.80
2.33
6.45
5.28
8.69
2.56
2.11
8.30
4.28
3.64
5.03
2.53
5.20
3.53
6.61
2.45
5.41
5.15
5.43
3.66
3.39
6.36
7.35
0.22
4.57
5.70
9.36
4.47
3.97
5.22
1.79
6.77
3.90
2.74
6.31
7.41
6.60
8.45
2.51
8.85
6.83
3.13
4.54
6.77
7.89
2.37
6.27
4.96
6.83
9.19
5.50
3.05
4.88
3.24
6.42
4.89
4.03
9.76
3.94
1.04
7.95
0.05
6.24
3.80
6.58
1.60
4.39
3.03
9.55
6.52
6.82
2.41
7.22
10.9
4.16
2.85
7.32
1.52
3.07
5.64
5.22
6.38
4.77
6.63
5.50
4.06
7.26
6.37
7.47
4.33
8.48
6.71
9.43
3.81
3.19
5.73
7.96
6.23
2.20
5.47
3.61
10.2
10.2
2.40
5.53
6.42
6.91
5.55
5.33
5.62
3.50
3.12
1.79
6.00
5.78
3.15
