3.39
3.85
5.15
3.28
8.36
7.53
6.11
3.48
3.42
5.56
4.41
1.54
4.71
7.48
7.96
4.82
4.26
5.56
4.45
8.24
7.21
4.23
5.03
5.15
6.69
4.97
6.79
2.00
5.41
4.45
8.08
5.44
2.27
3.01
4.12
4.78
5.55
6.36
5.12
4.85
2.86
6.14
6.49
7.83
7.76
1.09
4.00
4.90
6.47
6.61
5.20
8.99
3.34
4.87
3.86
2.39
5.54
6.13
1.48
7.71
9.93
6.13
3.09
7.43
5.85
3.31
5.41
6.54
7.12
3.44
6.94
3.59
2.87
5.95
6.74
9.39
7.32
3.99
3.67
2.28
4.61
1.66
4.80
3.45
3.16
4.70
4.56
6.97
5.71
2.48
4.67
1.52
3.09
4.04
2.75
8.06
3.12
5.75
7.66
6.10
6.74
3.86
2.45
7.25
1.11
3.22
3.13
4.89
3.95
5.61
4.38
6.17
8.97
3.41
4.37
5.92
6.32
2.93
4.19
6.30
7.44
5.35
3.72
5.73
5.46
3.56
6.05
8.00
4.47
4.78
2.89
4.15
5.93
4.18
3.35
8.21
6.33
5.35
4.28
5.27
4.84
5.78
0.40
4.85
4.82
6.05
4.64
5.18
4.92
3.68
5.21
2.46
2.63
7.58
7.72
5.81
5.00
6.64
4.07
4.62
5.01
7.26
10.2
2.29
8.54
4.95
2.68
4.65
4.96
7.48
5.38
4.05
3.39
7.18
6.74
9.14
3.47
6.95
3.85
2.11
4.79
4.83
5.15
8.92
2.75
5.17
2.78
2.08
4.97
0.88
3.27
5.59
4.89
5.49
5.08
5.58
4.32
5.98
4.37
6.93
6.57
2.96
4.24
4.41
3.03
6.22
4.63
6.49
5.39
5.41
6.67
7.21
0.76
5.98
4.44
4.87
6.97
5.21
5.20
6.66
4.48
5.33
5.95
3.29
2.22
3.00
2.70
4.60
2.85
5.77
7.91
3.78
3.69
1.93
5.30
8.60
5.61
3.95
7.10
5.16
9.59
2.19
6.98
4.61
7.41
6.08
5.65
2.51
3.99
6.50
3.75
4.67
3.79
5.96
4.21
7.60
6.36
3.47
7.41
2.08
8.12
3.57
10.0
6.22
7.26
2.89
6.59
3.12
1.66
6.03
6.49
5.27
8.44
8.62
7.18
5.72
4.72
5.51
2.85
3.96
4.34
1.81
6.46
4.32
6.73
4.68
3.26
5.31
6.98
6.11
6.86
6.54
5.62
2.60
8.91
2.22
9.42
3.30
4.54
5.35
8.68
3.79
3.90
2.06
7.76
1.07
4.04
1.61
6.34
3.83
5.09
8.33
6.09
5.84
5.19
4.45
8.02
6.25
4.57
8.07
7.50
4.47
6.36
4.74
3.37
9.81
6.11
4.43
6.53
4.79
5.46
4.27
3.37
5.46
3.03
4.13
5.52
5.34
5.68
1.44
5.81
4.80
2.93
4.11
2.54
6.48
5.61
8.70
0.36
7.38
3.22
3.44
6.93
6.17
3.58
1.89
5.41
0.09
4.19
3.15
