6.47
6.41
4.45
7.41
3.78
6.24
2.44
2.46
2.88
1.98
4.23
6.82
5.51
5.69
6.55
5.38
5.45
0.49
5.98
5.45
6.34
3.77
6.32
3.79
5.96
2.90
4.30
2.70
6.36
6.94
2.86
5.25
0.94
4.74
3.40
5.27
6.00
8.76
5.05
4.12
3.66
5.09
5.13
7.18
6.97
1.99
5.23
4.43
3.54
5.03
2.85
3.18
6.48
4.15
3.96
4.98
4.41
5.25
4.98
7.36
4.85
3.98
5.20
6.71
1.95
6.49
3.34
2.71
0.14
6.33
5.43
5.05
4.66
4.56
6.23
5.09
4.34
4.45
6.03
7.60
4.46
6.87
3.93
7.50
7.43
5.13
5.13
3.91
3.30
5.58
3.56
3.92
5.59
5.15
1.10
6.23
2.06
3.29
4.33
5.87
3.59
4.20
5.83
5.22
7.32
4.29
9.24
5.86
6.48
3.59
4.62
4.65
5.84
4.06
8.33
5.63
4.65
6.10
2.97
3.05
4.87
3.08
6.42
6.83
3.66
4.20
5.29
5.58
4.64
4.24
5.74
5.42
6.09
9.55
7.06
3.09
3.02
8.46
10.7
2.79
5.42
8.94
5.27
3.98
7.12
6.94
5.16
2.01
4.91
4.41
0.29
2.02
7.36
6.41
7.43
4.14
4.34
4.55
4.77
4.99
8.35
2.90
7.64
2.29
5.59
8.71
8.27
7.14
8.39
6.61
6.38
4.20
6.88
3.45
5.24
5.60
2.66
4.48
0.93
7.06
4.17
5.44
4.29
2.73
4.62
4.98
1.57
3.08
7.54
5.85
3.23
6.60
7.57
8.76
5.23
4.47
4.21
7.17
2.48
2.17
7.94
7.24
3.69
3.04
6.28
6.54
4.78
4.06
5.68
7.16
2.87
6.54
5.84
4.03
5.06
8.38
6.18
0.48
5.38
2.89
7.42
3.30
3.68
5.65
5.65
3.73
3.96
6.75
5.70
4.68
6.56
6.21
4.02
7.18
3.73
4.43
6.41
4.64
3.53
2.46
4.28
5.49
8.49
7.08
2.89
3.95
6.92
4.57
6.59
4.04
7.96
3.23
4.01
5.13
1.41
4.47
2.38
2.73
6.08
6.53
5.00
4.55
3.41
2.00
3.02
8.04
4.44
5.96
3.02
6.62
8.40
7.25
3.87
6.38
8.09
4.01
8.07
7.46
7.02
2.12
6.91
8.18
5.42
6.97
7.52
5.47
3.65
5.98
6.98
4.91
5.20
4.04
2.52
4.42
9.32
3.16
4.48
2.50
6.56
3.87
4.50
5.89
7.81
7.73
4.16
9.87
3.83
4.36
3.38
5.35
6.53
7.17
4.65
7.22
6.29
7.03
3.22
3.75
8.16
7.13
9.07
7.77
4.07
0.89
4.58
10.1
7.52
3.33
5.38
3.02
6.97
3.62
4.78
3.96
3.94
6.22
2.05
4.59
2.84
4.18
2.22
0.94
5.25
2.90
4.79
6.12
5.78
3.81
1.88
2.29
5.79
8.56
8.31
2.28
5.81
5.65
6.73
8.27
4.65
5.45
