2.69
3.11
6.44
5.29
2.82
8.78
5.54
2.76
3.71
5.43
5.49
4.51
7.07
4.23
5.01
1.65
9.23
4.42
0.23
3.77
6.53
4.46
3.40
7.49
4.41
2.57
5.46
3.09
7.91
4.80
4.55
4.52
6.82
8.36
3.42
3.38
2.65
3.43
6.72
2.81
4.43
3.83
7.08
2.03
5.56
2.17
5.83
5.41
2.63
7.03
3.32
5.45
2.47
5.68
4.09
8.42
6.10
1.77
4.43
3.00
6.23
2.17
4.14
1.60
9.86
6.60
1.10
0.96
3.78
6.16
6.14
7.46
0.70
5.30
4.10
4.53
7.33
5.54
5.57
3.38
5.50
9.15
5.63
4.92
6.57
6.91
5.97
4.51
8.07
3.80
7.32
4.48
4.33
3.38
9.33
4.39
7.36
3.67
5.30
5.33
5.54
3.98
3.58
6.74
4.06
4.47
3.43
6.06
7.68
7.62
9.44
6.39
6.41
7.32
3.65
3.32
2.09
2.28
4.36
4.31
5.68
0.57
3.89
4.68
4.20
8.35
3.14
6.18
1.50
3.83
6.71
2.01
6.02
1.79
6.45
8.29
9.74
6.44
2.85
5.88
4.95
6.91
6.66
0.57
6.53
6.57
1.07
4.00
4.81
5.00
8.20
6.17
6.22
4.03
7.93
1.05
5.50
3.53
5.67
3.94
3.01
1.72
8.10
3.38
4.17
5.10
7.33
2.78
5.28
4.10
1.86
0.06
6.90
3.69
3.04
0.69
4.33
5.35
1.91
5.47
3.37
4.30
9.15
2.64
3.36
5.66
7.76
4.67
5.34
4.73
6.49
6.51
3.97
4.49
6.42
4.27
6.40
5.25
5.94
1.47
3.94
1.60
4.62
5.71
3.55
3.79
6.67
6.31
3.93
0.39
5.05
3.57
4.27
5.47
4.74
6.21
4.62
3.58
5.51
9.22
4.68
2.70
6.35
4.47
8.58
6.06
3.87
5.02
5.15
4.68
3.69
4.42
5.99
4.40
3.90
6.20
6.32
3.53
3.51
8.05
6.15
6.72
2.26
5.06
6.64
10.1
6.29
4.90
6.47
8.47
6.37
5.76
7.30
10.5
6.02
1.31
5.81
3.82
4.72
5.71
6.72
6.79
3.72
5.91
2.62
6.16
4.46
4.31
6.18
2.73
4.29
6.25
2.39
3.27
4.42
4.72
3.27
1.12
0.99
4.13
3.86
0.87
2.74
6.37
5.14
5.11
5.53
8.04
1.22
6.74
5.48
3.65
0.78
2.63
5.92
3.01
2.99
4.77
5.63
3.57
5.70
9.26
4.87
5.48
6.44
1.86
4.73
5.13
2.39
7.98
3.32
6.43
2.69
7.50
5.82
7.40
3.63
5.83
7.50
4.17
2.88
8.46
2.48
2.48
4.91
5.34
4.47
9.24
4.39
5.02
2.08
4.29
5.82
7.14
2.29
3.97
6.51
4.73
3.82
9.05
5.93
4.67
5.76
5.69
4.97
3.68
4.21
4.93
4.86
7.36
2.69
6.80
3.08
4.76
0.64
4.86
4.27
3.85
3.20
4.12
