0.86
1.82
4.52
2.58
2.70
3.30
4.14
5.24
3.31
5.56
3.78
9.72
5.20
4.55
3.05
5.31
3.78
1.22
5.84
5.12
3.64
5.31
5.39
0.19
2.81
2.35
7.88
6.77
6.71
3.03
5.17
5.41
3.99
3.85
4.24
3.82
2.14
6.12
4.89
2.91
5.06
4.77
6.63
3.46
4.25
4.67
4.90
5.22
2.38
7.60
3.08
6.46
4.72
5.10
4.15
2.61
5.86
10.7
4.97
9.18
2.40
2.64
3.15
4.68
0.92
5.97
4.85
4.47
8.96
4.74
2.88
4.25
4.32
3.01
2.55
7.24
4.82
3.18
6.43
7.68
7.65
4.02
3.40
5.85
4.86
3.87
6.19
5.71
1.05
7.30
5.35
4.88
5.98
3.92
5.37
8.84
8.92
1.14
2.31
7.79
3.99
7.44
3.78
1.36
6.85
3.16
6.74
3.29
8.75
7.35
8.17
7.77
3.40
7.06
3.60
8.07
3.73
4.57
7.10
4.78
4.52
3.02
8.08
4.11
4.37
2.28
7.23
5.31
5.65
4.02
5.56
3.52
7.18
3.66
1.75
6.12
7.84
5.62
4.51
3.36
6.42
5.20
3.55
7.63
5.28
7.37
2.75
6.11
4.62
7.28
5.82
10.2
7.21
5.38
5.26
6.86
6.60
5.96
2.74
4.30
3.47
0.76
4.27
5.90
6.15
2.75
8.14
5.85
4.90
5.77
8.29
7.32
9.17
6.26
9.60
9.07
4.72
3.72
6.05
2.00
5.96
2.81
5.88
3.05
4.14
2.53
2.36
6.14
8.40
7.78
2.36
4.14
5.80
3.25
3.23
6.22
4.59
4.96
5.23
2.46
4.25
1.32
2.41
6.33
7.00
7.98
3.89
3.33
7.94
8.42
5.84
7.36
6.57
5.90
5.41
3.19
5.55
2.79
3.61
3.81
1.16
6.24
3.21
4.37
3.95
3.60
2.98
8.70
3.91
5.80
4.08
8.18
4.42
2.42
0.24
4.86
4.71
2.31
4.11
4.03
4.92
5.74
2.91
6.13
5.69
6.49
6.12
5.12
5.62
4.84
5.54
3.75
4.71
6.46
5.39
6.68
3.44
7.33
4.20
5.45
4.64
5.19
7.37
3.66
5.24
3.45
4.99
3.00
5.22
8.50
3.20
7.30
8.98
4.31
2.82
5.92
3.08
5.55
5.61
1.15
2.54
6.49
5.31
3.51
4.88
3.75
3.96
8.47
1.20
2.75
6.38
3.78
6.56
5.83
5.33
6.04
8.69
6.47
2.84
3.94
0.80
6.04
0.60
3.91
5.38
3.11
3.97
6.08
5.90
7.16
5.21
6.81
4.29
3.37
3.25
6.75
7.44
3.86
8.48
5.97
4.34
3.28
7.02
3.93
5.29
5.35
6.08
3.81
4.30
4.42
7.50
5.16
5.37
2.28
1.50
5.20
10.2
8.73
5.61
6.67
8.17
2.92
4.13
5.19
5.44
6.09
3.53
4.75
5.79
3.66
4.36
6.37
10.6
8.74
7.07
6.47
3.69
2.51
5.98
3.08
