5.88
3.13
7.25
8.25
5.16
4.45
8.12
5.78
7.47
4.18
5.79
6.77
4.53
9.14
5.42
3.19
3.25
4.94
5.64
4.79
2.22
4.53
4.19
6.86
3.51
2.46
7.22
3.38
2.40
4.23
7.20
6.66
2.67
3.95
2.22
2.91
4.31
0.13
4.10
5.99
7.37
5.69
4.78
3.74
7.73
0.86
5.67
7.47
6.04
4.87
5.28
3.99
3.83
3.76
5.39
5.27
4.03
1.48
5.69
4.31
6.55
7.24
2.21
4.37
2.25
6.13
8.02
5.31
1.13
5.57
7.20
2.99
5.76
7.52
8.87
8.50
3.67
7.36
5.14
0.23
5.15
6.39
6.61
13.5
5.66
3.30
4.03
6.53
4.98
2.63
2.09
7.70
8.53
6.90
6.26
7.49
1.57
3.69
5.21
6.43
4.15
5.36
6.27
4.05
1.65
5.13
2.68
1.19
1.96
1.54
5.95
3.51
5.54
4.37
5.27
4.65
3.53
1.93
5.18
3.10
5.34
2.60
5.96
3.79
1.67
3.70
6.29
5.85
5.36
6.09
8.58
4.62
7.03
5.23
6.04
2.16
4.15
3.56
3.76
5.44
7.41
4.80
2.91
3.56
3.39
5.97
2.63
5.22
4.13
8.59
6.96
3.93
1.89
5.06
1.79
4.91
2.77
1.53
1.71
3.15
4.14
0.86
4.23
6.02
3.51
5.57
6.95
5.92
4.87
3.12
5.84
3.63
6.35
2.95
8.21
4.23
5.22
2.59
3.91
7.56
3.28
6.87
3.76
4.96
6.87
3.86
5.49
4.20
6.85
5.80
7.16
4.31
7.98
4.30
7.24
3.18
6.44
5.51
2.62
4.87
5.62
3.66
4.50
4.00
8.75
7.13
5.30
2.36
0.31
2.03
6.97
5.78
7.33
6.52
5.33
4.35
4.94
4.19
7.18
4.22
5.43
3.87
4.91
4.20
3.51
6.35
7.55
5.86
8.04
1.26
8.44
6.20
4.19
2.33
5.39
4.81
6.65
1.84
7.35
5.22
5.75
4.16
5.04
4.64
6.90
5.36
4.29
7.74
4.08
6.67
4.26
2.98
6.66
6.24
6.08
4.87
8.17
2.41
6.03
8.92
2.66
3.72
3.14
5.54
2.12
7.46
5.62
3.77
6.28
1.68
3.46
6.38
3.71
4.53
4.62
5.71
9.03
3.82
2.82
2.38
5.02
7.34
6.61
4.76
4.76
6.36
5.25
6.73
4.97
5.59
6.21
7.40
8.54
3.37
5.15
4.68
5.41
7.85
5.42
4.00
7.98
3.36
9.05
5.30
6.47
7.13
6.54
6.77
7.29
7.88
4.65
4.58
3.46
5.91
6.58
3.28
2.21
3.99
8.15
6.81
8.02
5.19
1.70
2.11
6.06
5.63
2.76
8.24
6.14
6.56
4.94
5.72
5.69
5.20
5.58
5.39
7.76
6.92
2.04
4.59
7.12
2.36
2.41
6.41
7.84
5.78
6.26
6.09
3.76
5.63
4.14
4.87
9.32
4.06
4.98
4.83
1.73
1.74
6.87
6.87
