3.35
0.61
5.06
2.61
4.06
7.27
4.37
2.00
2.23
3.56
6.02
4.79
5.11
5.90
3.19
4.45
5.57
5.38
5.55
6.07
5.74
5.44
9.13
2.46
6.48
2.08
7.34
4.23
3.28
7.30
3.32
5.08
7.21
8.74
4.52
7.89
3.27
6.39
3.81
1.90
0.82
5.10
3.82
3.20
2.01
4.45
0.64
5.41
4.58
4.61
2.47
5.74
8.28
5.20
4.33
3.76
4.21
0.54
2.81
2.41
3.20
4.18
7.63
3.45
4.79
7.53
3.37
8.80
7.31
4.56
2.99
4.85
2.49
1.65
4.43
8.27
5.12
3.03
3.89
3.27
3.08
4.90
3.86
4.23
5.05
4.85
5.68
5.51
5.31
4.09
0.76
2.13
6.68
5.48
1.03
10.7
6.12
7.51
1.85
4.00
4.77
4.56
6.32
1.94
5.66
3.20
4.17
7.76
6.88
5.46
8.50
6.61
4.52
5.97
5.13
6.67
4.43
2.98
9.63
7.16
6.18
2.06
1.91
5.54
6.12
4.46
4.08
3.09
7.44
5.16
5.23
2.73
6.73
5.84
6.02
1.60
1.33
2.46
5.50
4.86
3.63
5.41
6.31
5.73
4.15
3.99
1.42
3.82
7.87
0.24
2.02
1.46
4.57
6.24
7.37
6.63
7.77
1.47
8.06
2.79
5.83
2.42
5.31
7.18
5.04
5.66
4.58
4.25
4.03
6.21
5.67
4.84
2.24
6.03
6.30
4.86
5.28
4.80
3.73
7.95
5.54
5.75
7.31
4.78
6.34
3.60
3.49
6.53
4.36
4.63
6.19
4.22
6.44
3.64
6.01
6.80
5.31
5.98
7.05
6.08
7.78
5.76
5.94
1.58
4.41
7.71
4.76
1.54
6.03
5.08
7.00
5.75
0.82
5.15
4.30
5.53
4.66
4.72
7.02
0.98
8.16
6.69
2.93
5.95
3.75
7.31
8.12
6.42
6.94
2.86
4.93
7.73
4.33
3.14
5.65
4.82
4.99
4.20
2.90
5.98
2.21
3.18
0.69
9.90
2.39
3.66
6.28
3.18
9.20
2.66
3.22
5.53
2.49
6.44
5.08
7.55
6.69
6.77
4.66
8.58
2.68
4.30
5.41
1.17
6.69
8.42
3.92
3.88
6.51
3.67
5.80
6.28
2.89
6.37
4.85
3.20
2.69
6.53
2.16
5.13
6.44
3.36
6.48
3.49
12.3
6.46
2.88
7.64
2.62
2.87
9.11
6.12
5.44
1.77
4.61
4.61
5.33
2.71
4.12
5.96
8.63
5.43
3.51
3.69
6.66
1.47
3.71
4.91
6.49
5.89
2.48
3.96
8.29
5.36
8.90
3.70
2.54
8.28
7.30
4.72
4.64
2.15
4.89
5.71
5.15
5.47
5.51
6.34
7.55
1.60
3.48
5.65
3.11
3.09
5.75
5.67
6.06
6.28
6.84
3.32
5.60
8.25
1.93
11.5
3.86
7.94
6.69
5.44
5.29
4.51
3.68
7.26
2.69
6.39
2.25
5.96
7.39
7.44
2.17
5.68
