6.54
3.98
3.02
6.37
2.55
5.87
6.20
4.94
4.30
4.95
2.74
2.33
3.24
3.41
3.61
4.82
4.33
4.15
6.61
4.08
7.24
5.83
5.33
3.99
5.74
4.88
4.47
5.09
5.95
5.66
1.94
1.43
2.47
7.84
8.75
6.29
5.27
4.65
4.28
6.40
5.71
2.17
5.04
5.18
7.44
6.86
4.38
4.69
5.97
5.67
0.90
5.86
1.96
6.05
2.02
5.38
7.84
8.03
7.70
5.03
1.71
4.63
1.07
5.17
5.41
6.47
0.92
3.17
5.16
4.03
0.47
6.07
6.06
3.94
5.62
5.76
5.34
4.92
4.71
6.05
5.63
6.20
3.42
3.31
5.84
2.33
6.03
2.56
3.78
7.41
1.65
7.06
3.37
7.88
3.91
6.85
0.70
8.83
2.04
4.81
5.98
0.63
5.40
4.07
4.49
3.11
4.46
5.16
2.32
8.51
3.64
4.07
4.95
3.07
7.38
7.12
7.83
5.04
2.85
8.20
7.50
7.35
5.30
8.01
6.18
7.36
7.82
3.19
6.13
6.22
3.70
5.12
3.83
4.55
6.31
4.43
5.72
7.20
4.47
9.46
7.52
6.11
8.81
2.63
3.03
6.56
4.68
4.74
1.55
4.86
5.15
2.52
5.46
3.68
5.63
5.38
3.48
7.76
1.56
4.39
2.83
5.96
1.89
7.86
5.82
6.26
2.50
4.13
3.15
7.72
1.65
7.04
3.25
3.83
7.48
5.61
6.02
5.70
5.52
5.36
11.0
4.33
9.69
4.25
4.19
5.32
3.12
6.41
5.40
2.15
3.73
2.17
7.43
9.30
5.84
3.77
8.05
7.51
5.35
2.11
5.52
8.55
6.55
4.94
1.36
3.33
8.92
6.01
6.42
6.60
6.07
3.60
5.87
3.92
1.02
4.36
2.43
3.14
2.25
2.92
5.62
5.30
2.79
6.09
3.82
5.80
5.23
7.43
7.35
4.92
4.94
3.62
5.35
4.83
8.60
4.68
5.85
7.70
0.82
7.18
5.70
2.65
3.13
10.3
3.34
6.06
0.85
5.76
1.91
4.27
1.34
2.54
2.87
1.74
4.67
1.05
5.43
6.83
4.92
3.12
1.79
3.82
8.23
5.06
3.81
2.78
5.03
6.83
2.86
0.06
3.68
5.14
5.69
9.55
0.32
1.22
3.35
6.91
8.53
6.70
6.25
2.91
5.33
5.69
6.09
5.20
4.34
8.96
5.62
8.83
8.62
4.01
5.33
1.35
3.45
5.01
7.39
5.68
5.76
6.50
1.60
4.63
1.31
5.65
2.56
4.41
5.99
7.74
7.35
2.88
2.84
6.24
3.43
4.39
5.61
6.29
7.85
0.44
7.70
3.65
5.62
4.86
3.34
6.12
5.15
3.23
7.64
3.68
4.84
5.29
5.80
7.56
4.77
5.05
6.00
5.86
6.08
2.23
5.16
4.64
6.02
2.19
7.21
7.55
7.75
2.27
4.87
11.9
1.89
3.13
5.41
8.41
7.27
5.95
1.95
0.92
2.81
6.03
7.79
1.67
