6.10
4.13
7.98
4.06
4.54
10.0
5.03
3.41
6.29
6.31
5.04
2.85
6.15
5.12
1.94
2.38
2.64
7.28
2.55
3.65
9.12
4.23
4.17
0.34
5.73
5.95
1.96
8.69
6.57
8.04
6.05
2.44
3.77
3.45
6.05
1.15
3.80
8.22
6.53
4.53
3.89
3.44
8.09
2.14
4.62
3.51
2.93
5.75
5.10
10.3
12.8
7.74
6.91
6.97
8.13
4.16
3.32
6.25
5.20
4.02
7.66
6.06
2.15
6.76
5.29
4.86
4.02
3.12
6.15
7.48
6.98
5.94
4.23
9.55
3.43
4.75
7.95
3.33
5.01
3.64
6.15
2.00
6.62
4.33
8.66
5.09
1.31
5.34
7.39
2.79
3.99
4.37
4.99
3.81
4.14
3.94
5.20
5.98
7.03
3.36
3.63
5.31
2.00
1.32
7.98
6.91
2.54
5.29
3.03
5.04
3.31
6.22
1.40
1.13
4.38
7.90
5.83
4.42
5.95
6.61
4.97
3.53
2.95
2.24
3.76
4.49
0.55
3.13
2.64
1.49
4.76
5.17
9.33
7.49
4.19
6.94
4.69
5.84
7.72
4.11
5.40
2.21
3.48
0.04
3.15
8.21
4.88
6.16
3.37
3.13
5.52
5.34
1.84
3.40
6.60
7.79
3.93
3.06
7.11
8.59
3.86
4.77
3.36
7.46
3.75
0.80
4.59
4.74
8.08
2.66
6.34
4.87
1.47
2.71
7.90
5.56
3.45
7.35
2.78
6.34
4.58
6.98
5.08
5.49
4.23
5.53
6.41
4.81
5.02
2.15
4.73
2.66
1.09
2.64
6.02
5.74
3.61
4.89
6.39
5.12
5.59
2.37
1.82
3.35
3.54
2.41
11.1
5.42
6.33
5.06
5.20
7.11
4.32
4.47
8.05
6.06
4.70
6.44
8.83
5.27
3.48
9.07
3.88
5.38
6.46
5.89
4.10
1.99
4.50
7.03
3.06
5.87
6.38
4.81
4.83
6.93
3.97
6.39
1.75
4.62
3.11
4.16
2.21
6.28
3.16
5.30
5.86
6.82
6.97
2.78
5.41
4.34
3.43
4.43
5.64
7.38
4.52
6.68
4.39
5.59
4.52
0.37
5.62
4.90
3.26
4.13
1.38
2.15
5.92
4.56
6.90
7.14
5.98
4.68
5.45
7.85
3.63
6.75
3.54
6.76
1.86
3.20
4.91
5.64
5.98
4.61
4.95
0.90
4.70
4.46
3.89
5.25
1.85
3.69
5.89
5.73
5.81
4.03
7.11
4.53
7.11
5.66
3.09
6.17
5.82
2.61
2.07
2.65
3.34
6.29
5.22
5.53
3.52
8.24
2.44
3.72
2.50
6.22
4.56
8.67
8.29
2.87
0.18
3.79
9.45
2.56
5.07
6.59
5.34
3.74
3.15
2.22
4.80
4.57
6.07
4.14
6.53
5.28
6.58
6.23
3.77
5.17
7.45
4.27
5.28
7.72
2.37
3.81
6.73
8.72
4.02
4.46
1.78
0.66
3.52
5.34
4.83
3.25
6.81
7.66
