5.48
7.11
7.33
4.36
6.69
3.67
6.28
6.78
4.65
4.61
4.81
5.22
5.98
6.97
0.85
2.02
6.12
7.68
3.44
3.34
7.49
5.08
7.11
1.63
3.01
4.80
4.68
4.46
5.25
8.58
4.97
6.33
4.31
6.70
4.31
8.09
2.44
6.55
6.18
2.38
2.44
4.32
1.72
4.36
7.50
7.09
10.3
6.39
5.64
6.45
5.95
4.76
4.16
6.12
3.13
5.86
4.47
5.98
2.27
7.84
7.48
4.17
6.11
4.28
6.31
4.03
3.33
5.42
3.83
9.51
0.30
7.22
7.85
5.76
4.91
7.02
4.69
6.22
3.95
7.25
3.49
3.34
6.33
4.70
4.02
2.33
6.31
7.54
3.36
6.70
9.17
4.49
5.65
3.08
0.44
3.30
5.76
3.30
6.39
1.72
4.80
4.53
3.43
2.12
0.51
3.78
2.45
4.68
2.79
7.93
7.32
5.12
5.48
3.37
4.19
7.08
7.83
7.59
3.56
3.88
7.10
6.99
3.31
3.73
3.63
0.33
6.84
4.54
5.99
9.03
8.13
6.92
2.56
7.74
6.79
2.78
4.79
5.14
6.30
8.14
3.69
4.28
2.14
3.51
3.67
2.44
3.89
9.26
5.75
6.43
3.05
3.73
4.61
4.59
4.11
5.43
2.73
6.04
6.11
5.89
7.28
4.52
5.35
4.48
7.21
6.31
7.18
3.57
5.55
3.21
3.59
6.50
7.43
6.89
3.25
1.56
3.87
3.95
3.68
3.30
3.88
3.73
5.55
4.52
4.47
4.76
3.90
5.23
3.53
4.14
3.46
4.25
5.20
4.14
7.75
3.82
3.90
4.62
9.44
4.34
5.45
3.95
7.35
2.92
7.13
4.36
3.52
4.39
5.04
7.48
4.36
5.61
6.41
3.52
3.34
5.78
1.23
4.48
4.86
4.22
4.21
7.48
2.77
3.36
4.03
3.62
4.88
5.50
4.88
1.26
5.54
5.92
2.29
7.00
5.15
6.68
4.58
4.88
2.50
4.56
2.54
8.28
5.57
7.08
8.70
6.41
6.10
9.53
5.64
8.63
6.64
5.99
5.50
2.95
4.43
2.85
7.24
5.58
6.56
1.49
5.33
3.15
5.62
4.94
5.64
7.74
4.75
7.35
3.52
7.50
4.06
5.19
6.35
7.36
7.81
7.02
2.41
2.16
5.50
3.08
7.08
6.08
5.41
8.16
3.55
3.46
4.80
7.78
4.73
9.46
2.28
5.39
8.46
5.00
4.33
7.56
0.70
3.77
5.77
4.29
5.74
4.55
4.88
4.01
5.29
6.29
5.80
7.40
6.66
5.62
4.87
4.39
1.91
5.01
3.38
2.80
1.50
5.92
2.54
7.29
6.11
4.35
3.27
2.53
2.59
4.83
9.70
5.21
2.44
3.81
4.48
4.13
7.04
6.10
0.90
7.44
6.42
6.77
4.20
3.02
6.12
6.35
8.25
5.00
8.48
2.88
4.32
6.58
2.61
1.88
7.03
4.65
5.75
4.53
4.54
4.72
1.63
4.73
1.55
4.65
