7.42
5.06
4.64
1.23
9.01
4.68
4.37
4.28
3.78
6.13
6.85
6.67
3.91
3.54
4.35
4.07
5.02
6.48
10.2
3.29
7.74
6.08
8.47
5.82
3.33
5.56
5.19
10.0
4.73
4.65
5.38
2.12
2.10
4.71
8.57
5.22
7.62
6.70
4.96
6.03
6.84
6.61
4.51
5.61
5.24
8.63
4.05
4.82
3.71
7.54
4.56
7.68
3.85
3.95
4.40
1.74
6.35
2.86
3.95
5.74
5.04
9.58
2.84
7.90
5.97
2.38
6.31
5.01
3.18
7.47
7.34
8.74
2.17
2.80
3.83
6.28
6.44
5.56
5.51
4.37
8.00
7.13
4.97
8.07
5.33
6.46
7.54
1.80
4.95
3.41
6.19
6.63
4.74
6.10
4.02
7.18
4.20
4.83
6.40
3.63
4.00
3.67
8.49
9.30
5.59
3.08
4.23
6.94
4.35
6.24
5.65
6.70
6.30
5.50
6.44
5.26
6.35
2.62
6.24
3.56
8.44
6.42
2.48
6.28
7.46
3.45
5.58
4.17
4.75
4.09
2.43
6.04
5.44
4.77
4.69
7.30
6.29
4.33
4.82
6.89
6.80
4.98
5.59
4.88
3.42
5.67
5.17
5.96
0.76
4.59
5.41
6.24
6.52
3.57
3.93
4.60
6.31
2.97
4.75
4.77
4.97
5.87
4.22
6.87
5.45
1.56
5.34
7.04
4.26
5.30
7.40
2.06
6.94
7.65
7.85
3.65
5.50
5.41
10.0
6.06
0.70
6.81
3.01
7.58
6.06
2.36
4.66
3.57
5.33
6.94
5.72
4.64
5.11
4.41
8.56
5.11
4.78
5.97
4.98
6.89
5.45
0.13
9.74
8.10
5.56
3.51
4.49
8.27
5.39
5.03
5.70
3.79
1.65
4.23
2.37
2.24
6.61
4.63
4.05
6.37
2.73
4.76
4.49
0.83
3.69
4.40
0.53
4.93
2.07
7.49
6.55
1.07
0.18
3.11
6.94
4.09
3.16
6.99
5.18
0.91
4.74
3.05
2.77
4.52
3.66
4.89
4.30
5.78
2.35
2.42
3.19
4.61
1.76
3.42
4.28
6.93
5.02
4.86
7.04
3.00
5.87
4.67
6.68
5.64
4.06
7.43
3.71
4.79
4.49
5.78
6.40
3.43
8.90
0.76
5.38
3.28
1.14
3.96
2.99
7.08
3.81
6.52
3.17
0.55
2.82
4.92
2.06
5.68
4.38
3.44
5.53
1.80
4.58
3.69
2.28
5.03
6.89
6.47
4.69
5.59
7.20
4.35
5.22
5.64
3.05
8.20
5.97
6.51
3.36
8.39
6.27
5.07
1.46
3.01
6.34
3.40
3.68
4.11
2.04
6.10
5.37
5.39
1.48
3.33
6.38
7.34
1.36
8.53
1.01
3.90
4.34
3.59
5.39
1.37
4.63
4.28
3.28
4.86
1.67
8.95
3.60
3.53
5.27
6.96
4.12
5.95
6.41
7.15
5.73
6.17
5.74
5.27
4.10
8.48
4.24
3.98
1.41
1.32
5.95
6.98
