2.37
5.80
3.65
6.30
5.32
3.75
5.89
6.19
9.06
5.50
6.31
4.14
3.41
0.37
4.41
5.99
6.54
7.12
6.75
2.30
2.87
6.74
8.48
7.16
4.15
5.35
2.31
4.62
6.64
4.42
4.39
4.28
3.39
5.48
5.93
5.66
7.59
5.01
2.61
2.93
2.58
4.56
4.53
4.30
4.23
6.61
10.0
2.78
4.79
3.31
8.70
4.54
3.79
6.74
3.39
3.04
4.49
4.22
7.08
3.61
4.74
1.15
3.10
6.52
7.91
6.59
4.47
4.44
5.43
4.30
9.26
6.49
3.55
4.59
7.25
5.17
4.13
6.27
5.98
8.95
3.38
4.48
8.62
6.92
4.04
6.80
5.29
5.20
3.18
7.34
6.40
5.67
3.05
2.35
2.72
6.14
7.69
4.89
4.61
4.52
2.58
4.74
1.70
7.30
2.34
7.05
5.22
8.05
6.28
5.52
2.76
4.08
3.66
3.33
3.80
6.48
2.83
5.46
4.65
0.11
7.80
4.26
4.00
4.49
4.42
1.59
4.95
6.82
3.83
5.31
7.51
8.25
5.50
7.19
1.03
5.40
4.45
8.38
6.54
4.66
3.49
4.80
3.63
4.54
7.01
7.41
3.74
6.75
6.64
5.10
1.09
4.40
0.88
5.58
4.11
4.59
3.62
5.78
4.79
4.90
7.62
3.79
7.76
6.08
5.44
1.25
4.42
5.04
4.06
7.86
3.80
4.94
5.78
8.17
3.19
5.42
5.77
3.11
6.00
6.12
9.40
10.0
5.78
5.82
5.83
3.84
5.00
4.77
6.93
2.88
6.12
3.94
7.92
6.59
3.48
4.05
5.84
2.29
7.52
5.15
7.58
3.96
4.36
5.11
3.30
4.72
4.65
4.83
2.77
3.57
3.73
4.92
3.08
5.79
5.92
2.85
3.00
2.95
4.45
5.58
3.33
6.24
3.34
6.57
7.24
4.97
3.06
6.24
3.08
4.32
4.84
4.14
2.87
3.87
3.22
5.87
6.43
4.58
5.28
5.68
4.14
2.51
2.68
5.55
6.46
6.50
6.70
2.43
3.06
4.28
1.94
5.73
4.55
4.23
7.50
5.53
7.34
7.55
4.93
5.53
8.10
5.41
5.06
4.74
4.25
3.84
7.97
3.68
0.40
4.91
3.29
3.76
7.24
6.60
5.46
5.14
5.38
1.79
4.11
4.45
5.83
2.18
6.31
7.84
4.22
4.11
4.84
3.36
2.53
5.95
6.75
5.35
3.65
5.64
6.02
7.07
1.63
3.84
4.28
4.17
2.94
4.39
1.72
3.94
5.99
3.54
7.56
4.92
7.99
5.24
9.78
8.13
2.46
2.62
5.30
4.88
5.04
3.18
4.43
0.57
4.23
3.77
4.78
5.56
5.05
8.26
3.94
3.30
2.19
7.18
9.00
5.30
5.93
7.38
3.11
4.20
4.31
4.47
4.72
4.41
2.38
3.31
5.88
0.96
7.37
6.70
3.48
6.31
5.86
6.58
4.68
8.21
4.33
4.74
5.31
4.21
7.06
8.17
6.06
3.42
