3.35
6.35
7.18
4.83
5.33
5.75
6.94
6.77
4.82
4.73
8.70
5.08
3.89
3.39
5.90
4.74
7.73
1.64
6.78
5.57
4.81
4.61
7.13
2.22
2.41
5.82
7.38
6.82
4.49
6.54
3.99
3.58
7.51
3.54
5.02
5.75
5.44
5.28
4.21
7.41
6.50
2.89
6.35
5.97
8.11
4.17
5.35
4.71
4.99
3.96
3.38
6.99
6.98
3.96
7.31
6.07
7.51
8.97
3.68
1.85
6.78
6.20
5.63
5.61
4.81
5.54
5.26
2.45
2.52
3.75
10.0
5.86
1.45
5.27
3.35
6.25
2.94
0.97
0.92
7.86
4.00
6.79
2.29
4.27
2.83
3.70
7.08
4.71
0.86
6.34
1.62
4.87
3.06
6.10
3.83
3.39
8.24
4.66
5.64
4.04
2.41
4.43
5.87
7.74
6.06
4.28
4.61
5.99
3.86
5.83
5.60
7.84
4.27
4.76
5.21
6.29
4.46
4.86
3.37
4.58
6.20
4.60
6.34
9.12
3.73
2.99
6.30
5.52
4.68
9.02
3.34
3.33
6.81
5.34
8.98
2.17
5.38
4.01
6.61
4.45
6.36
5.49
6.53
5.22
5.14
6.70
7.88
4.90
7.99
4.62
3.67
6.76
6.52
9.51
6.90
4.31
7.54
0.53
8.07
4.17
4.26
6.89
4.39
3.62
6.10
1.27
5.29
5.96
3.05
9.22
4.39
5.17
3.55
5.73
7.41
2.37
6.97
6.58
3.61
5.67
4.97
5.62
5.60
8.96
9.60
5.87
4.40
9.74
6.01
1.45
4.55
8.65
4.05
2.41
4.00
6.01
2.35
4.98
6.11
3.69
7.14
4.21
5.01
5.74
7.50
5.39
6.00
8.66
8.45
2.90
5.89
5.30
6.70
2.72
6.87
4.68
5.58
1.01
2.56
2.16
5.11
4.84
5.14
7.43
3.34
9.64
3.70
4.99
2.86
4.65
2.58
7.36
4.77
3.13
6.99
4.50
2.49
3.81
7.06
6.37
4.11
7.11
4.33
2.22
3.02
5.56
6.93
3.56
6.87
8.44
5.01
5.06
2.46
9.41
5.71
4.64
6.73
3.46
2.02
0.95
4.85
4.90
6.91
2.98
4.76
3.94
4.81
3.08
7.21
7.84
3.29
6.69
3.43
5.30
7.49
3.51
3.94
4.55
7.90
6.38
3.04
2.65
1.85
4.26
5.08
2.40
4.00
4.86
6.09
5.97
2.94
4.02
6.27
6.13
7.10
3.78
7.20
5.59
5.87
1.27
7.56
5.35
6.49
5.65
1.91
2.95
6.20
6.57
8.03
2.66
3.63
4.63
4.91
3.21
6.21
5.46
7.72
4.98
4.82
4.98
1.27
2.04
6.22
3.58
3.26
9.35
4.06
3.52
5.17
4.61
6.02
4.20
4.48
7.34
7.56
8.18
7.48
6.67
7.39
1.67
2.79
4.52
7.35
7.59
3.21
4.87
1.44
4.27
6.13
4.79
1.08
2.29
5.54
4.74
2.58
5.29
8.74
2.52
6.79
8.09
