6.31
7.05
6.68
7.60
6.93
3.33
2.08
6.15
4.13
2.86
6.38
5.21
4.91
6.47
1.23
4.76
0.97
3.77
8.50
8.26
3.37
5.53
8.52
5.36
3.66
7.88
0.46
5.18
3.01
5.50
4.25
3.03
3.68
7.76
5.70
6.63
1.44
4.12
4.23
5.47
3.97
5.35
6.40
1.83
7.55
3.54
7.15
4.37
2.79
4.25
5.28
8.17
3.94
6.86
4.18
3.53
2.73
3.53
3.56
5.95
1.93
1.66
5.82
5.62
2.79
6.63
4.69
5.13
8.96
6.38
5.79
2.23
9.68
1.36
6.00
1.23
6.53
5.06
4.12
7.49
0.73
4.37
4.28
6.21
6.22
3.71
4.61
3.82
4.45
3.80
5.23
4.14
2.70
6.19
7.90
3.38
2.11
6.97
5.92
2.21
2.05
4.42
5.47
4.94
5.26
5.48
8.18
3.34
2.96
6.23
1.17
7.46
8.70
5.40
7.38
7.95
6.39
2.97
2.15
6.45
3.26
7.28
1.61
5.35
9.55
5.06
3.34
3.49
3.52
5.15
7.15
3.61
3.90
5.24
4.54
6.68
6.13
0.99
3.22
6.77
8.47
1.13
3.92
9.27
9.64
8.07
5.67
5.97
6.69
7.06
3.85
6.57
6.07
4.67
7.34
7.34
4.57
6.28
2.27
4.51
8.14
4.09
3.06
0.63
2.51
6.25
6.42
5.45
7.91
5.04
5.79
5.66
7.45
4.64
3.49
7.11
5.74
6.73
6.55
6.58
5.53
5.31
7.88
2.54
4.47
2.30
5.73
4.49
8.10
6.23
3.99
2.55
0.57
5.58
2.19
4.64
2.82
5.78
7.88
4.74
5.78
5.86
8.47
8.13
3.53
4.52
8.30
9.10
3.60
3.97
3.99
9.54
5.97
6.34
5.07
2.47
3.20
9.58
4.04
2.13
2.95
2.17
0.90
8.19
6.53
6.35
3.60
0.13
6.59
5.94
5.15
4.48
5.79
6.87
7.03
4.90
2.95
5.68
1.49
3.39
5.15
5.44
4.42
6.88
8.61
5.54
5.04
3.95
6.84
4.77
5.69
5.05
8.35
0.10
1.76
4.71
6.97
4.53
0.73
3.83
4.32
4.81
8.13
4.77
2.87
0.46
2.58
2.78
2.24
5.32
7.63
9.69
5.99
6.23
4.61
5.11
7.70
4.85
3.92
2.81
7.23
5.48
4.23
6.69
6.01
6.58
10.1
3.95
2.89
2.99
5.23
5.77
4.76
8.14
5.68
9.86
6.66
6.62
6.22
7.87
1.09
4.28
6.83
3.07
6.08
5.46
6.21
4.97
5.63
3.87
2.74
4.93
9.41
1.26
9.60
7.50
0.37
5.37
3.55
2.80
6.73
2.85
7.28
6.31
5.66
4.14
8.20
3.49
2.35
4.69
1.86
4.50
5.40
6.82
3.71
4.30
8.45
3.23
3.80
5.69
4.32
5.55
3.46
4.85
4.13
2.12
4.29
5.49
1.37
6.83
4.85
3.33
6.02
3.22
7.74
5.10
5.73
6.16
3.79
5.31
