4.77
4.17
4.67
3.75
7.33
5.16
2.89
2.63
3.83
2.21
6.84
5.73
4.82
2.81
4.36
5.22
4.74
7.05
7.26
3.16
3.44
8.21
4.31
6.80
9.78
4.93
2.34
6.61
6.48
9.97
6.05
3.15
5.53
3.87
2.06
0.68
6.40
5.08
9.39
2.94
7.11
3.31
6.04
6.74
1.39
4.57
5.53
5.49
4.86
6.87
2.57
1.58
3.58
10.2
5.32
8.96
4.26
7.15
6.29
4.41
1.53
1.58
4.59
6.29
2.28
9.26
8.32
5.85
7.67
4.12
5.86
4.12
7.11
4.27
8.16
9.97
4.43
5.62
8.05
2.66
5.27
5.19
6.48
1.74
5.77
2.76
2.75
8.84
4.27
4.53
3.21
6.72
6.23
6.19
2.62
11.7
4.22
1.97
4.72
7.85
7.23
6.84
6.87
4.66
1.18
5.23
1.85
5.74
4.43
2.24
2.58
4.07
5.38
3.04
8.77
6.81
4.92
3.01
2.08
6.23
4.64
7.75
4.00
4.68
9.28
5.63
8.62
6.72
3.49
6.29
3.10
2.07
8.69
4.16
3.44
6.47
4.42
6.60
1.53
8.77
5.36
2.93
4.47
3.41
5.40
4.22
4.44
3.63
3.94
3.31
6.85
4.27
3.76
1.88
3.30
3.80
7.41
5.95
4.30
3.75
3.98
4.11
3.81
4.06
5.93
9.62
7.38
6.11
5.60
5.35
5.87
4.83
6.87
1.90
6.10
4.14
7.91
5.61
5.80
6.35
4.64
4.18
1.68
4.80
5.73
5.54
2.71
6.60
4.38
3.06
3.53
6.67
2.66
6.44
3.75
5.82
3.60
5.16
2.66
4.52
5.23
5.58
2.56
6.31
3.08
4.60
2.12
5.63
5.82
6.40
5.84
5.20
4.35
9.58
6.45
4.94
4.47
2.36
5.56
6.55
2.89
1.35
9.40
6.10
4.08
3.65
4.24
3.97
4.16
6.34
4.98
6.27
4.73
1.56
4.22
5.82
3.21
2.93
5.04
6.37
3.71
6.85
11.4
3.33
6.89
4.26
4.18
3.76
9.16
4.00
3.31
6.08
6.91
3.31
5.16
7.23
6.72
6.02
4.42
3.87
0.59
10.1
3.40
2.61
7.11
4.27
7.05
6.69
6.56
2.63
5.61
5.81
4.43
6.24
6.18
3.42
2.67
0.23
1.86
6.69
6.34
9.93
5.93
5.37
4.01
6.62
7.41
4.79
9.80
2.94
4.32
3.87
2.62
2.95
5.89
6.02
6.44
9.61
6.69
6.70
1.08
3.88
2.51
4.33
2.29
5.06
4.84
3.85
6.24
4.10
2.47
4.77
4.87
6.29
5.04
6.26
2.88
1.36
5.77
5.62
5.40
5.40
5.70
11.8
2.43
7.11
5.57
1.67
6.28
2.47
0.55
5.98
6.78
4.13
6.97
3.71
5.59
5.53
7.26
3.93
6.74
4.51
2.62
4.66
6.77
7.92
4.58
4.98
2.63
7.18
1.30
5.45
2.49
3.77
6.05
1.67
4.39
3.39
4.52
7.43
