6.61
1.98
4.23
3.85
3.73
5.66
7.54
3.83
8.56
6.04
5.52
3.85
4.52
1.00
6.78
6.27
5.00
5.59
10.8
6.60
7.65
4.46
5.30
5.23
6.94
4.31
6.17
8.94
9.19
1.69
2.35
4.85
6.80
7.31
3.50
5.12
5.74
5.02
3.63
8.51
3.65
7.94
5.23
2.53
9.50
4.45
4.81
5.99
6.04
7.82
4.73
3.34
3.67
1.88
5.46
6.73
1.79
3.94
6.00
7.94
8.83
7.23
3.49
2.86
6.69
4.36
3.36
3.48
11.4
5.43
3.25
4.03
0.91
3.24
3.27
3.48
7.16
5.27
3.56
2.59
9.39
2.93
6.33
4.07
5.88
5.91
6.28
6.06
4.30
5.96
2.99
5.35
3.16
2.07
5.36
5.10
3.01
2.61
5.35
3.88
7.83
9.76
3.26
4.47
1.77
3.53
5.30
6.47
6.47
3.39
4.76
5.38
4.23
6.28
10.1
4.19
4.66
6.10
6.29
2.66
4.99
4.42
3.92
5.11
5.32
3.42
4.78
3.67
3.15
1.85
5.17
5.38
3.52
5.55
3.08
10.1
2.68
4.40
6.05
4.84
2.39
9.18
6.58
7.81
2.84
4.00
3.51
2.91
4.66
4.00
7.61
4.77
1.55
4.23
5.93
5.04
5.35
2.32
3.61
6.00
2.14
2.22
3.10
4.28
5.51
6.87
5.03
5.06
0.57
5.45
2.29
5.97
3.00
7.26
5.36
10.1
5.06
1.44
5.05
3.71
6.16
7.85
5.06
3.11
3.21
1.29
5.39
5.22
9.67
6.02
1.10
4.75
5.41
5.74
1.48
3.65
4.77
6.80
5.31
3.14
4.12
6.81
6.81
3.21
5.26
4.90
5.67
5.22
1.93
3.89
7.70
4.01
6.19
1.73
5.23
6.12
2.97
6.45
4.42
2.46
4.70
6.71
3.39
1.56
3.35
4.40
3.03
5.04
6.23
4.05
7.00
3.84
2.72
0.17
5.46
1.28
8.94
5.22
4.08
4.30
3.75
2.46
5.17
4.68
2.59
3.63
3.69
4.20
8.95
4.07
7.85
6.56
5.87
1.98
1.47
4.61
7.74
3.54
3.90
4.39
3.95
6.42
7.85
3.31
2.01
3.78
5.91
3.00
3.13
2.14
5.34
8.06
5.29
2.85
5.25
2.43
5.46
4.09
4.87
6.38
5.86
1.67
2.68
4.19
4.85
2.79
3.78
4.87
2.77
4.44
5.68
8.81
6.49
5.41
4.58
5.72
4.43
3.79
6.28
2.54
3.15
2.18
3.88
5.48
3.26
5.66
4.14
7.14
2.62
8.82
2.08
6.66
7.91
4.18
4.37
6.38
4.53
7.48
4.27
4.30
1.54
0.64
5.84
3.21
3.41
5.87
4.21
3.29
7.82
8.36
4.82
2.87
6.54
3.07
2.54
7.67
7.15
4.84
5.48
1.46
4.53
10.4
6.85
8.76
8.66
4.78
7.09
8.15
3.04
4.17
3.99
7.45
5.00
6.04
4.36
6.13
3.34
6.04
12.5
9.05
