5.70
6.02
6.81
1.20
6.83
6.36
6.11
2.11
4.25
6.00
5.67
7.79
4.48
3.82
4.94
3.35
7.79
6.44
5.03
8.16
5.61
2.98
0.38
2.22
7.03
4.86
8.06
6.73
6.70
7.00
3.19
6.47
4.35
6.57
1.47
7.50
7.47
9.17
4.09
6.82
5.03
4.85
8.39
5.54
3.94
5.12
4.16
3.28
6.48
5.66
6.37
6.02
7.77
7.81
3.25
3.89
1.37
6.53
6.88
7.60
10.1
7.31
4.09
5.22
3.62
4.45
3.46
6.58
0.34
2.61
6.54
5.51
4.56
10.7
5.03
7.16
2.41
1.42
5.49
4.62
3.52
5.53
3.68
0.79
5.69
2.02
7.05
5.25
3.31
5.75
4.57
6.71
5.80
1.46
6.00
4.44
3.07
3.89
3.66
5.44
4.25
6.85
4.24
5.87
1.90
6.36
10.2
4.20
3.00
5.94
5.15
3.08
8.74
1.69
1.37
5.64
4.81
4.70
3.74
5.67
7.30
5.77
5.95
5.67
3.26
4.80
5.40
5.83
4.26
6.10
4.74
6.11
6.11
3.81
2.94
7.44
7.05
1.48
2.31
1.76
7.42
2.22
6.07
5.97
2.28
7.51
4.78
5.85
6.66
4.75
8.58
3.65
4.89
1.73
6.52
3.60
4.38
3.66
4.78
4.05
6.43
4.96
4.72
4.34
4.32
5.61
8.56
4.18
3.53
4.69
3.41
4.11
5.86
3.34
5.20
1.26
5.33
1.86
2.50
4.86
3.53
5.33
5.21
7.06
5.67
4.43
9.39
6.82
6.95
2.87
4.77
7.28
4.75
4.20
5.28
6.25
2.96
4.03
4.83
3.95
3.13
7.35
4.66
5.24
7.91
6.28
2.79
6.74
7.41
9.10
6.60
0.65
7.58
5.58
4.38
6.22
4.86
2.28
3.46
3.25
3.25
6.10
6.92
2.37
3.37
8.59
2.13
6.60
4.10
6.73
8.10
1.22
4.41
7.05
4.20
4.50
3.12
2.46
4.82
9.37
4.42
3.07
4.37
4.07
4.44
6.66
6.20
8.07
4.85
3.66
4.47
4.35
8.94
4.53
2.25
3.59
7.52
0.08
7.51
6.86
7.07
5.61
5.87
4.00
7.13
7.35
4.85
2.63
7.60
5.87
2.09
0.73
8.28
10.1
10.1
5.20
3.35
4.31
4.42
9.03
1.28
6.13
0.15
5.32
2.94
4.01
6.55
3.85
6.81
1.44
4.36
5.80
3.08
7.13
5.42
3.62
3.66
4.94
2.33
2.17
3.79
3.40
5.61
7.29
5.33
4.35
5.05
1.62
5.95
5.03
3.94
8.94
3.69
5.55
7.56
5.10
5.78
7.95
2.98
6.23
8.53
0.33
4.20
1.68
6.74
5.56
4.87
5.32
3.46
5.59
3.83
5.27
6.70
3.24
3.52
9.11
6.63
6.44
5.50
3.07
7.30
4.58
4.66
4.53
6.78
8.42
6.70
4.65
4.39
5.28
4.73
7.98
6.60
6.26
3.67
4.92
7.81
3.04
7.36
2.25
