5.66
4.81
4.23
7.50
6.05
4.55
5.21
7.75
5.71
4.74
3.28
6.17
5.64
4.18
5.43
6.82
2.40
8.17
5.75
3.80
5.88
4.70
6.38
3.33
8.72
4.20
2.71
6.04
5.66
4.38
3.16
1.81
6.60
8.88
5.82
4.71
3.85
3.69
4.94
9.27
6.64
8.72
7.92
5.68
3.36
4.37
7.92
5.58
9.03
6.53
3.43
5.09
4.23
6.43
5.75
4.73
4.07
3.99
3.25
6.14
5.08
2.33
6.75
6.23
10.8
5.36
4.84
6.31
5.60
10.5
3.57
10.4
3.35
3.17
7.33
4.79
3.39
4.56
8.31
4.36
7.53
6.67
4.63
0.85
2.62
5.33
3.90
2.78
7.59
2.74
2.55
4.59
5.77
7.73
3.17
5.30
2.79
3.95
4.46
4.70
7.28
5.89
4.17
5.19
8.56
7.60
2.57
6.01
7.99
3.31
7.04
4.49
6.03
6.54
6.34
4.44
3.92
5.73
4.82
5.01
6.04
4.80
7.98
4.24
2.41
3.24
6.83
6.98
3.49
4.28
5.50
8.41
4.10
4.96
9.04
4.29
8.54
6.32
4.56
4.88
2.54
8.36
6.00
5.45
0.94
5.74
4.74
0.55
1.94
2.47
2.09
4.53
3.38
3.86
2.88
9.12
7.35
2.28
4.03
6.61
7.06
6.95
9.21
6.32
6.97
1.12
1.07
6.52
5.73
7.88
5.12
7.03
6.33
7.21
6.07
2.69
5.21
9.95
3.62
5.09
3.54
4.63
2.75
6.93
4.24
5.72
7.15
6.46
5.53
3.03
7.12
6.15
6.34
8.70
6.08
4.67
4.78
5.01
2.01
2.27
6.33
5.51
3.35
9.57
2.00
7.03
5.46
4.82
4.37
7.43
7.52
4.15
2.75
6.52
6.47
7.12
4.97
5.90
3.48
1.80
4.02
7.79
4.31
6.20
5.96
3.19
7.86
6.28
3.48
4.13
7.54
4.99
4.98
5.83
7.38
7.86
4.82
6.45
3.78
1.92
3.43
3.26
4.84
4.47
2.23
4.70
7.00
3.48
6.25
3.50
0.70
2.51
6.79
4.69
6.32
1.46
5.64
6.72
3.32
9.17
4.27
2.03
5.92
5.51
6.29
4.32
5.04
7.81
4.44
5.84
3.59
5.56
4.34
5.42
2.76
7.85
0.81
2.52
4.19
6.02
4.00
5.84
7.18
9.64
7.69
5.42
4.73
1.75
6.12
4.91
1.82
3.54
3.12
3.29
3.78
2.65
7.72
6.87
6.72
7.10
5.89
2.85
2.67
5.52
6.20
3.08
6.31
4.18
7.13
6.25
7.08
1.86
6.05
3.63
1.36
6.02
4.62
3.74
6.48
4.50
7.65
3.45
5.35
5.14
4.33
6.16
7.90
2.94
10.6
8.28
7.32
9.55
6.72
7.88
0.64
1.53
5.76
1.14
4.98
3.05
3.67
6.71
3.86
4.21
3.05
6.87
2.70
6.38
3.64
5.33
7.16
3.94
3.45
3.38
3.39
6.60
5.30
2.55
4.00
2.97
