5.36
6.61
4.46
7.31
1.04
5.13
5.92
5.68
6.43
4.64
6.64
6.24
3.88
7.70
7.50
2.56
3.65
5.06
9.19
6.05
7.10
6.89
2.39
4.54
4.94
5.30
6.49
6.77
5.15
4.00
8.45
5.53
7.46
6.10
7.82
3.38
4.10
5.29
5.19
6.73
8.08
7.79
8.65
8.03
5.18
2.43
5.08
9.05
3.93
5.80
7.11
3.37
4.08
6.17
4.03
3.34
8.75
1.52
2.95
7.35
5.83
4.96
4.44
4.66
1.87
5.21
4.82
4.53
5.33
6.82
4.13
6.99
6.15
4.43
6.54
6.97
7.62
8.77
2.25
6.77
5.11
7.06
5.07
7.34
7.55
6.85
6.27
4.44
5.26
7.57
4.09
3.04
5.51
4.56
1.47
8.55
9.29
5.18
4.88
6.87
4.78
4.97
2.50
6.46
4.41
5.19
7.85
2.14
2.31
4.55
5.51
7.43
4.97
5.29
5.23
9.76
5.75
7.25
2.33
5.11
3.14
2.61
3.57
6.98
9.54
5.01
2.73
6.07
4.01
5.65
3.93
6.02
4.30
6.36
4.02
6.02
1.40
1.31
4.15
2.50
7.03
3.82
8.05
7.18
7.75
5.20
7.70
8.38
4.49
4.06
5.78
3.79
5.62
3.59
3.85
7.36
7.56
3.58
4.45
6.87
4.57
2.78
9.04
3.75
5.43
7.52
6.63
4.45
5.49
5.21
6.26
7.20
7.05
6.32
9.34
7.31
6.47
5.38
4.34
5.58
4.59
5.38
2.99
8.57
6.62
5.80
7.76
5.68
7.86
4.76
2.55
3.06
1.92
4.87
4.47
7.85
3.97
6.47
6.55
5.58
3.22
2.62
1.62
2.05
4.29
5.26
5.22
5.34
5.91
7.04
6.15
3.52
4.30
3.78
0.84
4.66
4.38
4.93
2.80
6.23
6.88
4.66
5.44
4.60
7.32
4.74
6.44
5.24
6.72
5.45
6.18
7.08
2.27
5.45
5.95
7.00
6.07
2.16
1.07
6.16
4.55
5.52
4.58
5.35
5.77
5.45
3.91
7.27
5.93
3.28
2.96
3.69
5.56
4.94
3.40
4.00
7.39
9.09
3.45
4.23
6.43
8.66
5.78
2.95
7.92
7.81
3.76
10.2
7.34
0.22
1.88
6.15
1.86
6.04
8.23
7.28
7.85
3.94
2.79
7.64
3.05
3.59
4.21
6.19
6.18
3.60
3.94
3.11
5.69
1.33
3.67
6.92
5.47
5.65
2.51
7.29
9.06
5.49
7.90
6.21
4.55
5.76
6.73
5.43
6.20
4.69
7.40
4.20
4.81
4.53
7.59
2.78
5.52
7.55
7.40
2.24
3.20
1.65
3.96
3.72
1.88
7.93
7.08
8.03
4.30
5.62
5.16
1.32
4.96
5.27
8.49
4.27
2.46
2.66
8.07
1.58
6.66
6.50
6.74
6.60
7.13
8.33
6.50
3.75
6.22
0.83
8.04
4.53
3.75
3.55
4.18
4.92
3.37
4.32
2.01
3.26
4.53
6.99
7.64
6.93
