4.35
6.59
6.09
4.47
8.86
9.51
5.63
6.00
4.26
4.88
3.41
3.56
4.44
5.80
7.14
4.20
5.52
7.81
4.58
5.00
4.06
1.92
3.85
4.22
6.70
4.70
6.70
5.03
8.65
6.78
4.42
11.8
8.09
6.33
7.78
4.21
7.18
5.03
3.94
3.62
6.15
0.42
8.08
3.88
5.01
4.97
3.56
6.87
5.47
5.02
2.00
5.87
8.57
6.07
2.38
2.85
4.10
5.09
8.58
7.91
3.07
3.84
1.06
4.05
2.03
2.20
9.66
7.82
5.65
6.81
8.13
5.84
0.96
8.47
6.22
1.76
2.61
4.71
3.46
4.94
4.50
7.14
5.91
6.31
5.10
0.95
5.74
3.75
3.05
8.35
6.67
1.22
5.23
9.17
3.76
0.97
5.01
8.84
5.34
4.97
8.71
6.16
6.32
6.22
8.40
1.58
5.86
7.60
4.91
5.39
4.29
4.25
2.68
2.72
10.2
5.29
0.90
2.57
11.0
0.24
3.98
5.61
1.88
4.70
6.65
5.21
5.97
1.87
5.03
1.09
6.84
5.40
3.09
6.49
1.75
6.36
10.2
7.98
2.12
8.47
3.26
6.42
0.41
1.62
1.96
4.13
3.23
7.27
3.75
5.85
3.99
7.56
3.80
6.43
7.56
7.96
2.36
2.66
1.28
5.97
6.47
5.28
2.66
6.44
3.08
5.10
3.49
2.18
5.72
8.36
5.45
6.36
2.74
6.36
5.54
4.47
1.92
5.38
2.95
3.34
4.64
4.00
3.99
5.75
4.59
5.33
3.73
8.41
5.24
3.77
5.19
5.03
3.35
4.20
4.12
3.69
6.22
5.41
5.43
5.86
8.28
5.73
4.83
5.65
6.86
0.65
2.93
4.43
7.74
7.35
5.00
3.92
7.48
5.73
3.90
6.88
6.93
3.79
2.23
4.82
5.08
4.99
2.41
2.31
4.53
4.56
5.30
6.93
3.67
5.89
4.93
4.36
4.99
4.14
3.58
4.20
6.38
4.06
6.73
7.02
3.10
3.32
1.57
5.96
7.97
2.62
0.88
3.56
3.92
9.72
4.79
9.24
6.11
5.63
3.84
9.12
6.80
4.59
4.14
6.74
2.55
3.93
2.25
7.82
5.92
7.18
4.52
6.41
4.07
1.38
9.55
4.17
4.62
6.30
9.42
5.95
2.17
5.05
4.35
2.58
3.69
4.43
3.77
6.91
4.56
3.01
2.92
6.67
6.84
9.61
4.59
2.42
4.96
2.40
3.00
3.18
4.04
9.71
8.15
7.14
4.71
4.07
6.51
3.49
3.45
3.96
7.01
4.66
7.64
2.69
7.08
4.74
4.63
7.71
7.11
3.90
4.59
7.02
5.68
3.60
3.65
5.79
6.05
5.55
4.76
4.04
4.34
7.00
7.34
2.59
6.11
8.05
4.53
6.45
3.67
4.70
4.67
4.21
4.84
6.37
6.14
4.41
5.10
8.05
10.5
3.78
3.42
6.18
6.64
5.43
7.65
4.85
6.85
0.18
6.45
4.82
4.65
6.21
4.45
2.78
