7.29
8.04
2.33
6.13
2.83
6.52
4.54
6.59
6.16
4.10
3.10
1.69
8.29
3.73
4.99
4.52
5.28
4.51
6.22
6.60
6.58
5.85
4.21
6.12
2.35
6.99
3.58
8.34
3.08
7.68
4.62
6.83
3.08
4.46
5.84
4.94
4.00
3.44
5.06
4.33
5.21
5.15
2.27
5.58
4.59
4.87
4.75
5.29
6.75
2.93
8.63
5.49
5.27
2.93
2.30
7.36
4.96
4.39
3.97
6.00
4.37
10.7
4.76
5.78
4.57
5.32
4.48
4.36
0.97
7.32
5.77
4.22
8.33
4.35
2.48
4.74
3.49
9.21
3.03
8.30
2.66
7.45
2.89
1.63
5.34
9.00
7.47
2.66
5.47
6.61
6.73
5.34
4.58
7.08
2.86
10.6
2.25
1.90
3.57
2.33
2.41
5.20
7.25
4.91
5.16
4.00
5.16
6.68
3.92
1.25
4.39
3.21
5.97
6.65
3.29
7.86
8.90
3.64
1.88
5.47
6.75
3.49
5.87
2.13
4.51
7.23
5.32
4.08
7.19
7.47
6.20
3.98
6.49
6.44
4.71
1.66
2.53
7.12
5.01
5.05
6.42
4.84
4.01
3.50
5.13
4.84
2.57
3.79
2.88
6.99
5.72
3.72
0.74
6.59
1.14
2.69
3.20
8.36
6.64
6.33
4.44
4.80
7.58
2.31
1.81
5.65
1.56
5.63
4.54
5.67
4.03
9.04
3.98
4.14
4.45
5.38
6.72
6.69
1.74
2.67
8.06
4.55
8.12
4.20
8.37
4.63
3.99
3.97
3.41
7.94
5.61
3.73
6.96
2.48
7.92
3.24
5.33
4.64
9.42
3.89
4.11
3.90
4.91
3.53
5.30
3.46
6.03
7.57
4.45
5.23
5.73
3.83
7.02
7.33
5.03
3.90
6.38
5.34
2.70
7.05
3.16
5.54
7.73
3.22
3.70
5.14
5.74
3.69
4.90
7.83
3.43
3.34
3.83
4.95
3.22
1.78
3.90
5.05
7.02
7.25
4.49
4.03
4.28
4.90
5.37
1.68
2.41
4.93
5.10
5.07
3.67
7.66
2.34
3.88
7.75
6.14
4.53
8.20
6.58
1.53
0.37
4.45
5.35
4.22
5.15
5.25
2.40
2.62
5.03
4.68
3.03
6.90
6.31
2.87
6.48
5.49
5.14
5.44
5.39
3.12
5.32
5.71
6.02
7.12
5.03
3.68
6.02
6.82
7.12
2.81
8.36
4.19
5.83
6.38
5.22
6.74
5.96
3.04
5.04
6.17
6.11
6.14
2.62
9.44
7.01
7.41
1.58
6.68
2.78
1.90
6.06
4.73
3.57
5.58
4.86
3.98
4.39
5.90
4.48
3.87
5.05
4.42
9.97
4.92
6.50
4.33
6.10
5.03
2.05
3.48
1.14
2.29
2.51
4.45
4.98
4.98
8.16
6.71
3.21
4.86
3.20
5.76
6.25
6.54
7.08
7.72
7.02
3.90
1.67
7.25
4.53
6.63
5.84
5.56
2.58
5.09
3.73
5.82
3.09
5.76
