5.36
2.81
7.68
2.79
4.82
4.10
2.28
4.56
5.04
4.06
4.43
6.15
4.15
2.61
2.37
6.33
6.18
6.42
4.62
4.08
4.97
7.76
7.36
4.22
6.68
6.59
7.97
3.96
3.57
5.30
4.48
7.75
1.83
6.83
7.71
5.49
2.23
2.82
4.55
7.26
4.12
6.01
5.89
7.96
4.60
5.97
4.91
3.89
1.58
1.57
6.57
5.78
6.03
7.26
7.35
3.61
5.11
5.57
2.91
4.58
5.87
3.89
7.41
7.85
5.16
5.66
1.11
10.9
5.71
2.99
5.65
2.63
4.53
6.95
3.24
7.23
4.46
7.08
4.74
9.07
3.66
7.06
3.95
2.84
6.63
5.55
5.33
5.93
3.96
7.16
5.79
8.21
3.99
1.04
2.27
6.27
2.51
2.10
6.41
4.73
2.49
6.52
5.34
2.85
5.19
5.59
3.34
3.19
3.47
2.90
6.36
5.16
4.37
5.66
5.07
4.97
1.53
7.46
6.10
4.58
7.25
3.17
4.85
0.52
4.80
9.78
2.97
5.70
5.57
2.84
3.18
9.58
3.18
5.01
8.07
4.53
6.28
4.50
4.55
4.79
4.01
3.22
3.87
7.97
3.86
4.69
3.22
6.59
2.55
3.74
6.51
7.14
4.41
6.09
3.96
6.69
2.37
7.31
6.15
7.13
2.44
3.91
3.16
8.36
4.52
6.45
4.38
5.31
5.27
1.35
3.43
2.20
3.45
0.73
3.01
5.11
3.62
2.87
4.58
3.93
6.61
4.56
3.00
6.56
2.72
5.26
5.36
5.04
7.41
8.55
7.15
5.20
0.75
4.06
7.88
2.28
7.15
2.39
4.69
4.05
6.29
5.71
5.68
6.80
6.90
4.88
2.48
5.74
8.44
3.40
5.68
2.50
5.49
8.05
4.67
5.12
5.03
9.07
1.87
8.48
5.04
7.66
6.73
5.06
3.17
4.36
5.41
4.56
2.94
1.24
4.58
2.97
1.72
3.03
10.6
6.36
6.07
4.39
4.55
4.15
4.71
7.35
5.56
0.78
2.12
4.21
7.70
5.10
3.94
6.72
2.97
5.19
4.20
2.69
3.57
3.19
2.87
4.56
5.47
5.81
7.61
9.75
8.76
4.14
4.87
3.03
5.73
7.72
11.1
4.15
7.28
8.45
8.02
8.32
4.97
4.89
3.35
4.92
8.15
1.69
3.13
5.03
3.88
4.11
4.10
7.91
2.77
7.09
4.01
2.42
5.22
3.99
9.64
4.07
1.22
9.99
4.83
8.37
8.21
7.11
5.21
6.99
3.69
3.77
3.63
7.87
5.39
2.87
4.63
5.88
1.93
5.48
6.33
4.62
4.37
8.41
2.57
4.92
7.24
9.14
1.41
6.24
4.02
5.14
6.09
5.92
3.98
5.37
4.82
5.49
2.11
5.86
7.27
6.89
5.78
6.79
4.61
6.35
5.32
1.72
6.65
3.73
2.13
8.60
5.07
3.74
4.41
3.40
4.15
3.84
7.59
8.42
5.46
1.71
2.99
3.06
1.32
7.21
5.62
3.80
