7.71
7.29
3.86
5.12
2.43
7.21
8.56
4.45
3.97
3.24
5.00
3.49
3.51
1.40
8.77
9.45
2.61
5.51
4.41
6.48
7.66
3.61
2.31
0.96
5.20
5.12
7.85
7.88
7.05
5.12
2.91
3.93
2.92
3.36
5.50
5.05
2.23
3.79
7.68
2.42
3.64
2.85
3.88
6.48
4.84
6.98
5.76
5.28
4.26
5.04
5.06
2.45
4.74
5.40
5.31
8.05
6.72
4.39
7.03
6.13
3.06
4.06
3.33
3.01
2.13
6.00
3.42
3.67
4.62
8.50
4.02
5.25
3.73
3.55
2.95
4.12
6.57
1.77
4.15
7.22
6.21
2.85
7.08
4.19
4.88
8.69
1.76
5.61
1.32
2.04
1.40
4.94
0.69
6.27
5.87
5.30
5.17
4.78
4.33
6.41
4.43
6.29
6.20
6.13
3.59
7.91
7.66
4.37
4.03
3.51
3.77
7.61
8.38
4.68
3.32
1.29
5.74
5.21
2.68
1.45
8.00
4.05
5.83
4.63
5.18
3.65
6.50
7.71
0.02
2.23
2.46
2.54
5.05
5.19
7.24
9.55
4.75
1.75
5.34
5.69
6.68
7.31
4.73
5.80
7.10
4.23
3.87
3.49
7.56
2.86
8.35
5.57
1.31
4.97
3.75
6.79
3.43
7.66
7.00
6.20
0.66
6.20
5.80
4.84
2.74
5.33
3.71
9.06
1.61
6.25
8.63
7.74
3.56
8.85
7.05
6.60
6.37
5.61
3.37
5.63
4.60
4.58
6.54
4.76
4.89
1.19
4.88
5.42
6.82
8.75
5.53
1.87
4.43
5.63
9.91
2.50
1.82
2.58
3.69
5.72
6.57
6.58
8.31
7.12
6.12
8.26
2.81
4.24
7.72
7.47
6.34
4.47
3.40
7.49
5.90
4.65
3.58
5.25
3.09
3.96
6.15
4.02
8.18
6.16
6.69
3.29
2.41
4.76
9.32
4.61
6.00
5.44
4.23
4.29
5.05
6.97
4.77
5.71
6.44
4.47
0.52
4.46
5.47
7.54
6.30
6.35
2.51
3.87
5.94
2.20
4.47
4.64
6.69
6.12
5.16
6.83
1.03
2.78
3.29
6.42
0.90
8.57
6.71
4.71
4.42
5.64
5.03
4.77
7.63
5.25
4.61
1.56
3.79
6.15
7.49
1.16
7.19
4.70
5.08
4.10
5.03
1.95
2.13
5.22
7.24
4.84
1.16
3.45
4.84
5.04
5.15
2.19
4.06
8.22
5.88
5.87
4.22
4.77
4.58
6.67
6.09
8.23
3.02
2.61
5.65
7.14
6.39
2.57
4.16
4.44
4.91
1.26
5.34
9.91
7.90
3.48
3.40
7.16
3.32
4.87
7.53
5.42
7.40
4.79
5.14
7.35
6.41
5.38
2.24
5.72
4.38
2.66
2.55
4.32
2.91
3.61
5.20
4.75
7.22
6.37
7.71
7.75
6.41
6.77
4.77
3.39
5.48
7.21
1.08
5.90
5.87
4.20
8.69
4.66
3.91
2.12
7.51
7.22
5.32
5.54
