4.37
4.50
4.91
4.69
6.77
2.83
7.42
6.43
6.32
8.62
3.10
1.87
4.09
3.30
5.99
1.94
8.89
4.52
3.87
7.59
3.93
9.51
4.16
4.14
0.95
5.50
2.27
9.07
3.47
4.99
6.31
4.31
3.89
7.21
2.67
4.81
5.59
5.77
6.19
4.37
7.00
1.97
2.60
3.83
6.50
7.57
6.64
6.43
4.00
2.42
3.27
8.56
5.27
5.41
5.12
4.39
7.03
5.57
5.88
8.62
3.45
9.13
9.39
3.58
4.24
2.91
5.16
5.88
6.69
5.16
2.27
4.88
3.70
5.64
7.98
1.93
4.20
3.51
0.55
4.16
3.51
1.78
5.46
7.17
4.43
5.92
6.22
7.40
5.43
3.87
7.30
6.87
1.28
2.97
7.30
4.04
2.98
4.93
1.31
2.06
3.60
5.96
4.12
5.92
7.90
3.34
2.80
7.50
7.00
6.28
9.23
7.57
5.25
5.56
5.71
5.04
1.90
5.41
2.62
3.40
2.18
10.3
4.56
3.09
4.63
5.97
6.75
4.50
7.00
6.56
7.06
5.46
7.72
4.58
4.92
0.64
4.73
5.76
3.78
5.99
2.14
3.23
6.46
4.47
8.90
2.09
1.83
4.42
8.66
4.71
6.91
3.63
5.84
3.45
5.65
9.24
3.27
3.41
1.62
6.31
5.12
6.36
1.01
7.94
4.19
3.12
7.94
6.42
4.11
2.41
7.39
3.73
3.52
5.50
6.45
4.17
5.08
5.13
3.17
3.83
5.13
2.18
1.99
3.01
6.72
2.88
6.48
4.56
6.04
2.83
1.23
4.07
4.63
2.51
5.86
2.16
3.93
6.00
6.89
3.85
2.53
2.78
6.94
2.85
1.63
3.10
6.34
2.11
5.20
3.70
6.12
2.75
4.79
9.59
3.09
5.46
4.26
7.24
4.07
9.61
6.24
5.38
3.67
5.51
6.50
6.64
1.68
6.04
3.12
3.21
5.04
6.58
4.15
3.66
8.77
3.06
1.21
4.87
6.90
0.79
7.11
4.96
3.88
5.81
3.08
5.14
5.55
6.83
2.53
3.17
1.86
3.18
5.25
5.19
5.49
4.71
3.62
7.18
6.48
2.35
6.27
5.84
4.00
2.61
4.30
2.26
2.92
4.11
6.43
5.07
7.39
3.74
2.62
4.15
5.43
2.67
4.37
7.31
4.10
4.20
3.36
6.34
2.79
2.15
7.81
6.47
4.18
4.90
5.29
4.66
3.27
5.51
1.50
2.20
8.36
7.76
5.99
6.22
5.92
7.03
2.02
1.81
5.85
2.04
4.46
5.24
2.74
3.95
5.23
5.57
6.32
4.74
6.23
4.80
5.07
6.88
5.00
3.00
6.61
4.41
4.49
5.38
8.12
3.79
5.23
7.14
5.58
9.00
5.08
5.14
5.43
4.29
4.88
4.39
7.19
2.68
1.56
2.65
3.88
5.94
4.30
9.17
3.68
6.15
3.30
3.25
2.77
0.99
4.48
5.04
4.90
5.00
1.88
5.80
3.72
6.65
6.41
4.09
7.12
8.75
