5.56
6.95
5.91
3.19
1.89
9.36
8.94
4.45
5.67
5.69
2.88
5.93
4.13
1.05
8.47
6.81
7.89
2.48
0.87
5.62
4.19
4.56
3.94
4.57
0.15
1.07
8.62
3.74
4.66
6.17
5.43
5.03
5.00
3.09
4.65
5.66
8.00
6.45
7.22
7.94
2.84
7.33
3.54
5.03
7.05
7.39
9.59
7.08
8.39
4.58
3.17
2.16
4.23
3.72
3.78
3.90
5.07
3.46
1.50
3.98
6.47
4.96
6.72
1.54
7.85
4.08
6.01
2.44
5.21
5.42
5.00
5.82
5.73
2.69
9.74
3.03
8.64
6.44
6.50
5.74
1.82
4.37
3.19
4.29
5.27
4.72
6.79
4.89
8.93
1.68
8.29
4.06
2.27
4.08
11.8
2.81
1.57
4.66
2.19
7.26
5.66
1.46
3.33
6.04
3.74
4.83
3.55
6.17
4.64
2.43
7.55
4.05
3.95
5.54
4.33
1.95
4.65
6.42
3.74
5.77
2.75
2.11
5.80
7.95
3.99
5.70
6.94
4.71
5.49
3.02
5.46
1.36
6.21
3.41
4.13
5.59
5.90
7.18
1.87
3.16
3.17
8.24
6.85
7.16
7.56
6.75
9.03
3.70
6.40
5.57
7.01
2.26
3.07
7.81
2.66
2.36
3.20
1.01
7.03
8.22
4.09
7.90
6.90
2.42
4.27
4.91
5.83
5.18
8.03
4.47
8.79
5.14
5.25
5.14
3.07
6.12
6.04
2.67
5.04
2.23
6.64
3.50
3.64
3.31
5.03
3.19
7.39
9.72
2.91
6.39
2.81
6.49
3.75
6.34
5.43
8.01
3.91
6.58
3.21
6.48
1.19
4.35
5.91
1.59
2.10
3.09
6.60
3.95
4.29
4.60
7.70
5.14
3.75
4.62
3.44
3.05
3.99
5.35
5.90
7.59
5.53
6.17
1.61
2.46
7.03
1.43
6.33
4.09
3.08
5.20
3.30
2.70
3.61
7.35
2.61
1.50
3.73
4.66
7.45
2.50
7.09
4.85
4.33
4.35
3.53
4.86
6.40
4.36
4.36
5.29
4.85
7.56
5.22
7.07
7.88
4.78
1.97
6.77
4.62
3.95
6.99
4.90
6.46
6.13
8.02
3.45
6.49
4.47
6.24
9.74
6.16
2.85
6.75
7.38
4.19
7.34
4.45
5.49
4.39
3.14
7.26
6.08
5.14
5.35
8.94
4.10
2.81
7.04
3.62
3.76
6.54
3.04
8.08
5.57
4.80
5.71
4.95
5.37
0.83
2.95
7.76
4.62
2.06
5.84
4.64
2.44
4.18
6.67
3.55
1.65
0.85
4.92
4.07
5.65
3.18
6.72
6.20
5.70
6.18
6.98
6.38
4.94
6.56
7.45
1.40
5.63
5.77
6.01
5.65
4.35
3.30
6.93
6.25
2.83
5.09
3.40
7.86
1.49
6.10
5.11
8.18
4.97
3.22
2.95
0.77
4.16
5.85
6.37
4.30
5.43
6.49
2.62
5.02
1.85
4.52
5.80
3.88
4.74
4.74
4.37
