3.05
7.06
3.94
5.75
4.58
6.06
5.52
6.09
5.58
6.61
4.29
8.34
1.13
4.77
3.91
5.06
3.65
3.14
6.47
8.01
5.12
3.29
4.06
4.24
5.46
5.16
6.64
7.30
5.89
6.16
4.99
6.15
4.43
0.97
3.15
8.01
5.58
4.66
1.52
6.69
11.5
5.43
6.32
4.61
7.08
5.47
7.88
6.79
6.87
4.81
6.49
3.35
6.60
4.50
1.44
6.79
4.74
6.30
2.97
4.26
6.90
3.25
5.10
5.31
5.11
2.10
3.99
6.18
3.60
7.31
4.43
6.65
3.79
2.45
2.51
3.05
0.08
10.3
3.06
7.10
3.19
6.79
3.14
4.12
2.13
3.94
8.09
3.89
7.96
3.35
6.05
5.73
3.55
6.72
5.35
3.45
6.59
6.59
5.14
5.15
5.63
3.58
5.06
5.29
8.08
4.02
3.63
8.20
2.10
6.37
1.66
3.67
8.58
2.87
6.57
0.75
2.86
4.32
4.89
2.69
4.50
6.09
1.32
1.52
3.24
2.34
5.23
6.73
5.46
4.82
3.03
6.38
3.42
2.34
9.27
5.66
7.35
4.83
5.04
6.15
4.86
3.51
8.38
3.78
5.31
4.53
4.25
2.27
2.32
6.29
4.17
4.71
5.37
8.92
5.38
4.46
1.43
4.81
9.38
4.53
4.78
3.48
2.22
5.63
5.76
0.54
2.45
1.76
6.12
2.34
3.78
5.16
5.36
8.47
8.21
7.69
4.00
4.44
6.47
0.96
3.61
1.33
7.40
1.69
8.28
4.05
6.99
2.36
4.15
5.14
3.77
3.49
8.18
2.77
6.62
2.74
7.27
8.27
7.28
5.89
5.88
4.03
8.61
4.27
6.45
4.63
3.49
3.19
7.63
5.01
6.42
8.11
5.68
2.94
2.91
8.18
3.58
7.50
5.52
3.94
5.59
9.65
7.12
6.43
4.99
3.63
7.45
4.88
3.68
3.82
6.26
5.26
9.38
6.99
5.38
7.59
6.61
1.70
4.61
2.81
6.03
5.00
4.87
5.90
5.36
6.24
4.21
4.13
6.64
5.69
4.18
8.15
3.57
3.86
2.39
4.65
6.26
3.00
6.63
7.47
2.18
3.91
3.26
6.13
7.33
4.43
6.44
3.38
6.02
3.38
8.44
4.40
9.66
6.10
3.11
6.25
5.52
1.40
8.83
9.72
7.85
4.08
3.51
5.45
7.05
5.88
5.70
1.68
3.57
5.25
9.57
3.99
6.64
5.69
4.99
8.57
7.82
3.47
6.48
4.76
8.05
6.70
7.22
8.11
5.32
3.77
3.23
7.40
3.33
6.68
5.57
3.71
4.88
6.87
5.23
4.27
6.31
4.65
4.61
7.95
5.48
2.93
1.86
3.38
8.58
4.87
4.02
10.0
5.61
7.61
2.67
4.74
5.62
6.65
4.44
7.70
5.94
2.47
2.23
5.28
5.93
6.27
5.80
4.59
3.34
2.75
1.32
5.60
4.64
4.09
1.54
6.07
6.99
4.85
6.09
1.76
7.06
7.30
2.68
3.30
