1.02
6.25
7.57
6.91
3.72
3.36
3.98
1.41
5.75
3.45
5.45
8.76
6.19
7.00
8.83
4.49
2.30
2.06
5.48
7.45
7.00
4.88
9.08
7.12
2.35
6.57
3.17
6.31
4.89
6.98
2.08
2.71
6.34
5.47
7.50
2.61
5.59
0.07
5.06
1.13
5.27
5.86
3.55
8.14
6.96
7.62
7.69
4.70
6.23
5.65
7.96
4.08
5.77
7.46
4.71
5.24
7.09
5.32
6.15
5.14
4.14
5.64
6.58
3.08
7.34
7.71
6.90
6.80
5.28
2.45
6.83
3.51
5.45
6.77
3.90
2.00
4.00
4.03
3.65
2.50
8.63
5.13
3.97
5.29
4.70
4.92
5.55
5.68
5.70
4.43
5.24
5.89
1.71
5.42
8.73
3.02
3.71
4.98
7.78
4.79
5.03
5.04
7.21
6.25
5.01
3.29
1.31
8.42
3.11
7.08
7.26
3.40
2.00
3.26
4.23
5.65
4.91
5.53
4.52
5.74
5.84
4.30
5.38
11.0
5.96
2.76
4.93
2.37
3.26
3.50
5.80
5.96
4.20
5.40
3.34
5.35
3.70
4.60
4.61
1.76
5.29
6.39
4.48
4.14
6.13
5.48
3.72
2.91
7.19
5.01
3.96
3.11
1.81
5.10
5.25
5.10
6.61
4.42
8.04
6.83
8.15
6.67
6.30
1.92
5.44
5.51
5.32
6.34
3.30
5.58
5.16
3.85
3.78
5.59
3.50
5.31
10.4
5.72
3.88
5.72
3.98
1.16
9.13
7.21
4.71
2.72
4.52
7.03
8.82
5.63
5.46
8.91
5.40
6.64
0.71
5.02
2.78
1.04
8.75
1.65
5.25
1.16
4.64
7.40
8.39
8.20
5.72
3.31
7.61
2.39
8.85
7.19
8.48
4.60
2.22
8.17
5.85
2.30
3.28
8.13
3.84
8.98
6.20
2.79
3.13
4.19
4.27
4.63
5.12
6.63
2.86
5.18
8.29
3.29
7.48
6.98
7.05
4.70
5.87
6.37
6.69
7.04
7.86
7.22
3.77
1.25
3.75
5.03
6.29
3.88
5.23
8.05
0.68
8.41
5.23
4.23
4.88
3.12
5.82
6.46
8.16
5.03
2.80
5.19
2.15
5.77
2.29
8.44
5.50
8.50
7.00
3.80
4.45
6.68
4.76
2.76
3.67
6.79
3.44
4.94
7.42
4.77
7.44
2.48
5.34
2.50
5.44
4.30
2.58
6.72
3.42
1.87
3.64
3.93
2.85
1.61
6.99
7.27
3.46
4.60
6.20
4.64
5.46
4.31
4.52
5.08
6.41
4.26
5.19
4.21
4.98
3.42
1.49
4.80
2.68
4.68
3.89
4.04
7.63
3.84
10.0
0.17
7.67
6.30
7.40
7.18
5.48
8.72
0.40
4.56
7.20
1.56
5.98
3.97
3.75
6.56
4.70
7.45
0.11
4.12
4.56
5.91
5.29
5.09
5.73
3.02
1.69
2.48
6.60
4.53
0.61
1.35
1.14
6.67
7.94
5.46
1.75
2.12
4.95
2.63
