5.43
1.99
8.18
8.29
4.71
2.30
5.83
6.18
3.90
5.28
1.02
4.77
6.58
8.18
3.67
5.15
8.57
8.08
6.33
6.15
4.38
2.71
4.38
4.08
5.85
5.52
4.60
4.31
3.21
3.19
3.97
3.63
5.32
3.96
5.73
4.94
7.21
3.00
1.04
5.85
8.20
4.13
9.36
3.91
7.05
7.72
3.43
8.69
6.94
4.08
2.93
3.59
4.79
4.01
3.47
5.08
7.89
6.24
4.71
7.85
7.91
8.05
7.51
5.66
6.91
7.89
6.43
6.35
3.16
5.73
4.93
3.19
4.74
3.85
3.94
2.61
3.30
5.79
2.44
5.80
4.22
7.61
1.60
8.21
5.16
3.97
6.79
4.08
4.77
6.30
4.65
1.64
4.52
3.91
7.44
5.45
5.95
5.86
7.55
2.51
4.49
5.10
2.37
6.74
4.50
0.75
7.04
2.71
4.94
4.65
5.99
3.67
4.25
6.94
8.52
1.39
5.24
5.73
4.76
7.31
5.81
4.59
3.69
5.16
6.22
4.71
7.95
5.11
3.79
2.65
8.74
8.98
2.01
3.15
0.72
5.69
7.35
5.32
2.23
9.48
4.55
5.02
6.71
5.57
4.40
5.74
6.49
6.47
4.98
5.93
6.47
6.90
5.65
5.66
4.90
7.64
7.14
8.25
7.35
7.30
4.41
3.38
4.55
6.63
7.08
4.97
6.45
6.42
6.00
3.89
3.69
4.16
0.76
11.0
4.20
4.25
8.76
6.08
6.66
7.22
3.91
7.25
2.48
5.63
3.70
4.79
3.99
4.95
8.42
1.94
4.50
7.99
4.91
5.05
6.52
0.14
2.51
6.63
7.05
8.42
4.06
7.74
5.54
4.10
5.64
3.68
0.56
4.23
9.24
5.05
4.58
5.94
6.34
2.75
1.70
9.76
5.07
2.46
6.19
7.06
5.23
3.60
6.23
3.86
3.62
2.41
2.63
6.25
5.26
5.84
2.69
3.30
7.97
4.56
3.85
3.91
3.96
7.87
6.90
7.24
4.72
7.92
5.85
5.64
5.41
2.67
3.70
5.21
8.75
5.25
4.55
0.68
5.01
9.22
9.68
3.36
6.37
4.14
6.24
2.73
7.12
4.60
4.78
5.85
2.27
6.16
2.48
8.09
2.95
4.40
2.33
4.23
5.05
6.03
7.95
5.43
3.70
6.01
3.55
3.05
6.48
5.48
6.66
3.92
5.39
4.14
6.05
5.25
6.60
8.25
3.94
3.61
4.41
5.03
5.36
7.57
5.93
7.43
2.20
5.22
5.68
8.00
6.49
3.18
6.19
6.75
1.68
3.89
5.83
3.90
5.49
4.87
4.75
4.68
7.93
3.39
6.10
6.79
4.14
6.22
7.27
5.22
2.41
3.55
3.15
6.21
5.79
6.29
5.23
7.71
1.07
6.36
3.54
8.52
2.26
4.39
4.01
6.17
5.31
4.60
8.26
2.23
6.23
4.03
4.75
4.91
3.81
4.24
4.60
6.31
6.22
0.57
5.64
3.76
6.03
6.59
8.01
5.46
1.82
7.50
