5.86
3.29
5.61
4.15
7.12
5.19
4.26
7.07
0.04
2.69
2.44
4.03
8.12
4.53
4.98
3.31
1.06
3.72
4.17
6.73
4.14
3.54
3.90
5.08
7.60
3.10
4.51
3.58
5.05
4.68
2.98
0.76
4.09
6.65
1.72
4.89
3.51
5.74
3.06
2.08
4.97
4.61
3.51
4.40
5.92
5.52
7.81
6.30
3.43
2.54
4.17
6.14
4.00
4.29
0.99
5.19
4.69
3.66
5.19
6.41
1.60
4.66
2.12
6.03
2.32
6.29
7.70
3.74
4.74
8.28
5.23
4.39
8.33
1.28
2.33
4.32
9.27
4.21
4.11
8.17
5.47
6.22
4.05
4.02
5.49
6.82
2.64
5.34
3.58
2.90
5.52
8.28
2.80
5.42
4.58
4.42
7.79
6.56
4.49
7.81
3.63
2.19
7.84
2.06
4.55
5.07
3.07
3.51
7.30
7.77
6.69
8.29
4.28
2.19
8.47
6.28
4.07
7.74
9.30
2.69
5.07
2.53
4.44
0.28
6.75
8.16
3.45
4.82
6.36
6.06
3.89
5.73
4.99
3.41
7.45
3.65
4.86
2.65
4.70
4.09
7.79
4.91
2.91
5.42
5.15
1.32
2.73
5.25
8.06
5.65
8.40
5.87
5.07
3.06
3.15
7.60
3.17
3.30
7.65
2.37
3.33
6.61
5.92
4.50
3.29
3.53
8.60
1.81
1.67
8.28
7.05
1.73
2.38
7.05
9.40
3.36
1.66
7.12
3.33
5.81
8.19
3.27
0.41
2.50
4.70
3.67
6.04
4.44
7.58
5.85
5.51
4.64
4.08
11.1
5.94
0.61
2.96
5.77
7.37
6.11
4.78
4.81
5.26
1.82
3.85
1.89
3.70
2.79
6.14
1.80
8.17
7.87
4.71
1.67
2.45
4.90
0.96
5.29
6.02
3.61
3.34
5.53
4.54
6.30
4.57
3.61
6.37
3.13
4.50
7.21
1.72
5.84
4.72
4.93
5.39
5.60
5.48
4.93
3.13
6.04
5.09
5.08
5.06
7.32
5.22
5.52
5.59
5.65
2.07
6.18
7.96
5.98
3.06
7.22
5.68
5.23
5.44
4.24
6.49
3.54
5.54
4.17
8.52
8.25
2.30
5.44
4.89
4.92
4.36
5.34
2.35
1.41
4.35
5.24
3.77
3.42
2.42
3.46
1.02
4.94
7.41
4.08
6.35
4.92
6.07
6.47
5.08
9.60
8.36
7.36
4.83
5.61
8.49
7.40
3.22
2.51
7.43
1.50
8.76
4.31
3.30
3.30
3.32
2.68
8.78
5.87
7.29
1.89
4.60
3.40
4.16
4.80
0.95
4.72
7.75
3.14
8.04
7.02
2.48
7.03
2.74
3.60
5.90
8.67
6.55
5.23
1.66
8.47
8.85
1.96
8.64
5.98
4.41
3.81
2.89
6.41
4.40
5.57
8.26
3.49
5.13
2.97
2.69
6.44
4.08
5.55
7.02
1.89
7.78
3.36
0.41
1.50
5.16
3.69
4.73
6.48
4.50
2.92
3.87
4.64
