4.81
3.42
7.90
3.51
4.91
2.55
6.72
4.49
3.40
2.99
5.64
6.71
4.24
6.03
4.45
3.90
3.11
2.45
8.65
2.26
9.03
6.02
5.82
3.89
1.85
0.97
5.60
6.69
5.26
4.42
5.37
0.35
6.99
6.73
4.10
1.23
4.00
3.25
4.82
2.65
5.52
6.29
6.13
5.86
4.72
8.82
7.78
2.88
2.72
5.13
4.93
8.93
4.37
6.18
8.50
1.32
4.10
6.21
2.59
4.93
4.85
0.11
8.75
7.35
5.53
5.87
4.87
6.20
3.55
2.65
7.60
4.25
8.45
4.42
4.47
3.96
5.98
8.92
7.32
3.64
6.37
5.51
4.60
6.60
2.64
5.24
6.18
2.20
3.62
3.31
7.09
4.28
7.21
4.58
2.67
9.64
10.3
2.09
7.68
3.04
8.39
6.70
4.39
4.21
7.28
2.90
5.35
2.62
3.02
4.26
1.17
7.54
1.12
5.88
2.88
4.12
3.73
5.14
3.66
3.75
3.17
4.31
5.07
3.08
5.79
7.08
7.76
3.22
1.50
2.29
5.53
2.60
2.01
9.46
5.23
4.55
5.54
4.55
5.08
3.74
5.01
8.64
3.55
6.92
6.44
5.29
4.28
8.08
7.50
2.84
3.82
4.62
6.27
0.02
1.77
7.73
1.86
6.20
5.39
4.47
1.38
4.55
3.01
4.43
5.56
7.75
1.02
5.52
4.23
4.64
5.57
4.41
2.78
4.69
3.49
3.30
5.25
1.89
7.54
6.11
1.87
4.80
6.12
2.01
7.78
2.90
6.54
2.13
6.61
8.28
5.43
3.52
6.83
1.62
5.48
7.77
2.48
2.24
3.06
4.78
9.19
5.50
7.97
7.95
6.40
4.60
3.28
6.13
5.92
8.51
2.54
1.47
3.05
2.34
3.78
7.94
2.12
9.88
7.11
6.35
5.93
6.90
6.54
6.41
3.22
5.08
6.24
2.73
5.99
2.35
5.42
8.65
6.48
5.68
5.41
3.77
2.16
4.04
5.52
5.21
6.30
5.58
6.35
6.38
2.57
1.22
4.60
5.88
1.57
6.63
6.25
5.67
5.34
5.81
8.59
7.83
7.05
2.00
6.44
4.73
7.01
2.82
4.24
5.24
2.05
1.60
3.53
4.00
8.31
5.94
4.04
6.16
6.38
4.89
3.95
4.58
6.23
6.66
9.75
3.77
2.82
5.16
5.74
5.93
5.32
5.43
2.19
7.08
7.06
4.76
4.03
3.42
5.91
6.78
7.10
7.11
6.80
4.73
2.73
5.12
5.10
6.92
2.56
7.10
3.60
5.11
6.92
5.93
3.63
4.98
3.83
5.21
5.58
5.40
2.72
8.52
2.88
4.13
1.33
3.57
7.30
3.65
7.14
2.24
1.48
7.08
5.98
5.76
5.43
4.52
3.99
3.88
5.78
7.40
4.33
6.11
5.55
2.25
5.95
0.87
3.98
4.66
5.03
3.35
4.68
9.67
1.25
4.59
6.55
3.45
6.17
8.85
6.07
6.90
4.75
5.89
6.12
4.82
5.17
4.95
