3.62
8.60
6.36
3.31
4.98
3.55
6.91
2.69
6.46
0.62
1.39
3.92
3.10
5.93
4.91
4.13
4.19
6.77
5.70
5.14
2.56
8.00
8.38
5.71
6.41
4.26
2.56
5.35
3.96
6.30
7.18
3.54
3.08
3.15
11.4
5.02
6.37
5.96
5.94
5.50
5.54
8.14
6.66
1.54
3.03
7.14
4.47
6.39
0.99
3.26
6.46
9.57
3.63
0.67
7.42
5.44
7.88
3.47
5.15
5.38
4.04
4.41
7.29
5.30
3.59
5.88
8.41
6.62
4.69
2.30
2.05
5.42
4.44
3.65
5.89
9.59
4.38
6.26
2.48
4.15
8.75
5.42
3.29
4.08
5.47
7.83
5.45
8.86
8.06
4.07
5.57
7.89
4.56
7.00
6.12
7.65
5.54
5.16
5.35
2.41
5.58
5.04
2.48
5.04
5.28
4.06
7.14
1.79
2.16
3.33
0.27
5.23
4.18
4.35
5.56
6.44
3.65
3.23
5.99
5.24
3.66
4.49
4.54
3.26
4.82
4.01
5.83
4.73
5.04
6.15
9.89
5.32
5.56
6.98
5.87
3.48
6.25
6.02
6.48
5.92
3.78
3.83
0.61
6.29
4.70
4.35
3.60
6.36
5.98
3.36
10.4
5.10
4.15
7.45
7.14
4.41
6.43
5.19
4.99
3.42
9.65
4.86
1.35
5.11
6.73
4.99
6.00
1.88
7.67
5.19
3.86
6.02
3.62
5.60
4.37
8.16
5.11
6.45
6.26
6.14
8.03
4.73
3.53
6.14
6.61
7.78
5.98
3.63
5.35
7.17
4.91
1.87
2.58
5.14
5.92
3.66
5.41
5.53
5.76
3.38
3.86
7.38
8.70
5.58
1.67
10.1
6.40
6.91
4.96
4.82
5.99
2.53
3.81
5.57
5.20
5.07
5.60
8.28
7.14
5.61
3.65
5.47
5.92
5.32
5.89
3.37
6.47
2.02
4.22
2.69
3.52
3.47
1.24
5.08
6.90
2.05
6.05
7.83
1.05
3.76
7.66
2.56
6.33
7.46
11.0
1.90
7.30
1.65
6.93
5.05
7.08
4.47
3.57
4.14
4.69
6.78
9.33
8.30
4.60
4.22
7.40
3.82
8.62
3.34
1.96
6.61
2.95
1.99
4.72
9.53
2.92
4.42
7.26
3.79
4.80
1.23
1.31
6.21
2.49
2.88
1.99
9.84
3.86
3.15
4.84
2.55
2.13
6.18
5.79
5.18
5.77
0.91
7.06
3.80
5.09
3.82
2.79
4.72
4.25
3.79
9.26
3.97
2.86
4.90
6.49
2.35
7.49
4.75
3.47
6.42
3.53
4.57
9.89
1.47
3.32
3.04
5.35
5.11
4.40
5.11
0.75
5.29
7.40
0.80
4.63
5.24
6.41
6.77
5.71
6.54
6.33
4.90
4.32
4.37
6.80
0.79
9.99
4.68
4.85
5.36
5.89
5.59
4.03
6.21
4.02
1.42
5.35
3.05
4.23
5.74
5.76
3.54
6.66
5.10
8.11
4.34
6.29
3.14
5.11
2.81
