0.11
5.80
4.04
5.85
4.70
2.33
5.37
5.57
6.70
4.99
3.37
3.88
8.61
8.60
3.06
3.94
6.30
3.27
3.21
5.03
7.39
0.97
9.49
7.87
4.37
6.31
1.31
4.63
2.92
2.51
3.89
2.77
6.19
7.56
6.04
4.87
2.57
2.52
3.17
6.53
4.64
0.31
7.72
5.40
5.39
3.68
4.49
6.47
2.12
3.76
6.35
7.53
6.99
5.64
4.34
8.50
5.05
4.68
1.69
5.00
5.01
3.15
8.16
5.74
7.54
6.31
7.41
3.04
3.98
3.29
3.19
6.28
4.55
2.28
4.16
5.35
6.45
10.1
4.29
6.14
3.91
6.45
4.47
6.79
3.66
5.47
8.61
2.38
9.55
5.44
4.17
6.09
5.56
6.31
4.66
2.69
4.42
6.47
2.86
8.09
2.12
5.39
1.47
3.93
6.45
1.00
5.84
3.27
2.59
4.05
7.99
6.45
5.58
2.35
4.25
3.80
4.63
4.84
5.23
4.30
6.59
2.20
5.48
6.39
5.24
0.94
0.63
2.13
3.57
4.18
4.18
6.57
4.29
6.94
1.00
7.37
4.09
4.78
7.81
4.42
1.10
3.33
1.99
4.97
5.75
3.06
5.56
4.41
5.53
6.36
5.69
6.89
6.93
1.29
7.14
3.58
1.52
2.77
6.14
3.04
5.29
1.24
3.65
6.32
5.89
7.00
2.99
8.50
6.46
6.37
2.03
4.31
8.09
2.91
7.18
8.57
2.89
3.77
5.39
5.50
3.74
9.42
7.59
6.16
5.68
10.9
1.85
2.55
7.75
4.26
5.40
4.14
3.86
3.64
5.16
2.63
3.42
4.59
2.67
2.85
2.57
4.16
8.87
4.92
1.63
5.64
6.61
4.39
7.06
8.45
4.11
9.22
5.65
5.26
5.46
2.80
7.41
4.71
9.14
3.02
5.89
7.67
5.31
4.89
5.93
5.44
4.09
2.21
1.47
4.73
6.94
5.09
5.15
3.68
3.27
1.69
6.57
5.77
3.53
4.71
5.41
4.80
3.68
9.55
8.16
3.51
7.79
3.11
3.13
6.69
4.85
4.25
3.75
2.50
3.31
5.59
6.73
3.77
5.81
4.76
3.88
3.69
7.05
5.32
3.48
4.80
5.09
5.08
1.69
0.02
5.11
4.26
7.63
4.72
2.54
5.14
6.49
5.31
3.37
5.80
5.67
8.12
8.45
3.47
5.63
5.71
7.05
4.17
5.87
4.13
4.28
1.34
2.03
5.37
5.38
7.27
2.03
4.25
3.96
7.62
4.47
6.93
4.68
0.42
7.20
4.39
5.59
8.04
6.82
8.84
3.08
3.15
4.57
4.30
3.82
3.59
4.37
4.83
3.36
1.28
6.57
5.27
7.05
4.41
5.52
4.93
3.44
3.21
3.62
6.99
7.06
5.49
7.49
7.89
1.76
6.26
2.95
3.77
4.13
3.95
4.82
1.15
2.21
4.16
4.46
4.35
2.81
3.82
5.39
5.38
3.79
2.73
0.60
4.95
3.85
7.98
6.76
5.57
5.88
5.91
