5.00
4.89
6.24
4.41
7.87
4.24
4.59
4.86
6.21
7.17
3.01
3.21
5.09
3.63
7.30
5.34
4.30
4.53
3.94
6.81
4.67
0.72
3.10
6.30
2.61
2.71
5.14
5.54
9.27
5.69
3.00
6.37
8.03
2.71
5.29
6.87
5.36
7.88
4.09
9.17
3.18
1.72
3.67
2.31
5.16
3.80
6.27
3.60
8.24
6.66
2.67
2.60
5.31
5.61
5.06
6.10
5.42
6.10
6.64
7.38
4.72
5.99
5.94
7.40
4.53
7.49
7.28
3.88
4.67
6.40
3.77
1.60
5.82
5.33
9.07
6.22
3.27
6.57
6.48
4.60
4.32
7.44
7.41
4.35
6.08
2.67
4.38
4.44
8.41
8.43
6.28
6.26
7.23
4.11
4.65
3.19
6.22
4.94
0.65
6.20
4.50
5.83
4.39
4.74
5.87
4.87
5.40
3.00
7.28
9.30
7.87
4.30
2.15
3.00
3.55
4.70
3.79
4.24
4.81
4.45
5.82
4.58
4.68
4.83
5.21
0.45
6.07
6.29
5.28
5.26
6.00
3.82
4.54
7.86
2.07
3.47
2.47
1.18
4.93
2.51
8.55
6.74
3.16
5.91
8.08
1.88
6.03
5.51
3.37
4.78
2.61
6.17
8.26
3.68
3.03
7.94
5.16
3.32
3.09
3.90
5.34
2.44
6.07
6.05
4.14
4.21
4.28
4.99
7.53
3.01
5.86
8.15
9.26
2.82
9.69
5.97
4.34
5.80
4.45
4.01
7.07
8.09
6.23
3.84
2.99
5.21
3.08
3.13
6.79
3.84
4.51
3.62
2.79
7.78
5.63
6.91
6.98
3.59
9.03
5.08
4.79
8.44
4.16
3.15
6.06
5.62
5.12
6.10
2.85
7.09
2.82
1.79
8.22
6.86
3.22
4.41
4.91
5.16
2.67
4.51
3.50
4.81
4.69
1.27
4.87
2.71
4.68
2.64
6.75
2.23
4.16
0.93
4.82
2.53
7.30
5.77
4.76
8.04
2.34
5.94
4.71
5.69
5.33
7.00
5.47
8.16
5.44
5.57
2.83
6.27
4.73
4.95
4.32
5.33
4.71
8.10
2.62
9.09
5.41
6.31
4.81
7.56
5.93
3.05
0.48
4.52
3.85
7.21
4.04
3.44
7.67
5.38
4.97
1.52
5.14
4.25
4.16
5.19
4.21
5.38
8.79
6.43
4.99
4.05
6.06
3.56
5.77
4.16
5.89
7.02
3.83
9.27
3.61
2.35
5.76
2.47
3.03
5.27
1.91
4.04
7.08
3.71
4.18
4.29
3.60
4.74
5.06
7.88
7.97
3.75
6.15
6.58
8.58
3.99
7.99
5.80
4.26
2.97
2.80
5.05
6.84
0.24
5.97
4.29
8.26
7.77
4.49
3.27
5.59
4.93
2.68
4.73
1.17
3.21
1.83
5.57
6.23
5.39
0.36
3.24
5.13
6.12
7.28
5.98
4.16
6.27
6.45
2.87
2.89
5.26
6.66
5.23
7.04
7.88
5.80
3.44
1.83
4.63
10.1
8.84
