4.50
3.54
4.02
8.25
9.10
6.13
5.05
5.89
2.41
2.19
5.39
5.81
7.25
2.63
1.84
5.62
4.84
6.31
4.32
7.36
3.21
4.70
2.19
4.04
4.68
6.15
7.17
9.05
6.22
6.90
3.39
4.13
4.91
3.19
4.28
5.89
4.76
6.63
6.31
4.28
2.80
2.92
5.38
4.28
6.74
1.25
2.55
7.25
4.92
4.83
5.01
6.11
8.27
7.37
1.48
5.37
1.42
8.14
9.39
3.40
7.08
5.92
6.45
5.33
8.52
5.58
1.92
3.63
4.01
0.84
7.41
3.68
5.27
4.40
3.25
6.74
1.96
6.25
2.63
3.84
4.88
6.45
6.80
7.36
3.35
6.17
7.85
6.28
4.87
4.36
4.61
1.92
2.68
5.10
3.32
6.28
4.21
3.77
3.85
5.15
6.78
4.95
3.92
1.65
3.93
3.96
6.06
7.13
3.80
5.17
2.52
5.05
1.53
2.13
2.96
4.36
4.55
5.52
3.16
3.17
10.5
4.21
4.88
6.33
6.75
2.30
5.05
6.84
2.49
5.58
10.4
3.26
10.5
6.60
1.80
5.11
4.15
4.00
5.84
6.31
2.54
3.91
7.83
6.73
5.54
2.01
4.54
7.07
6.13
10.4
3.28
6.27
1.06
5.84
7.33
6.20
2.18
4.73
6.41
4.67
5.94
4.96
2.31
5.95
6.51
2.90
4.35
6.09
2.83
9.68
4.25
2.02
5.23
1.32
5.41
1.60
5.96
5.55
4.41
4.32
5.66
3.87
4.96
6.68
6.57
6.44
7.71
0.60
7.76
6.31
2.94
9.63
5.29
5.87
5.13
6.54
4.96
5.66
6.35
7.62
5.01
6.74
3.87
3.27
1.65
6.20
4.09
5.38
9.26
3.38
5.46
4.08
5.12
6.47
5.55
3.08
4.46
1.97
9.07
1.23
1.46
5.23
5.18
5.36
4.78
6.41
3.50
2.16
6.97
1.91
3.22
9.78
4.37
7.95
6.32
6.63
6.57
7.40
5.31
5.08
7.05
4.41
1.90
5.49
6.56
2.66
4.69
6.07
4.35
7.84
3.65
2.23
0.83
5.98
2.33
7.40
5.62
5.52
5.52
7.72
3.11
5.75
5.68
5.96
4.45
0.85
5.84
8.48
5.62
3.95
4.29
3.73
4.62
7.14
7.00
2.97
5.33
3.75
10.0
5.93
5.84
6.85
6.34
6.91
5.44
5.52
1.98
4.42
4.02
6.17
5.80
1.78
2.22
7.64
6.49
2.80
4.38
2.21
2.10
2.90
3.64
3.66
7.14
1.35
5.21
9.07
3.74
4.81
4.98
6.26
4.51
5.42
3.62
7.40
6.73
2.62
4.82
5.39
4.53
5.96
4.53
2.80
8.92
1.67
7.34
4.57
4.70
7.64
9.10
3.70
0.38
4.11
4.05
6.05
2.82
4.89
4.38
7.49
3.91
4.85
4.63
4.13
4.62
7.70
5.97
6.07
6.41
8.55
6.79
8.87
6.12
7.79
5.46
2.94
5.71
6.30
3.98
4.96
5.73
4.73
