1.52
4.54
6.03
4.61
3.87
6.85
6.52
4.40
5.44
4.72
6.12
5.71
5.97
4.74
6.02
9.60
7.12
3.98
5.70
3.42
6.85
1.79
0.88
3.88
4.83
7.67
2.82
2.12
4.55
4.56
3.26
3.39
1.72
4.06
6.80
4.26
6.09
4.86
3.68
10.8
3.53
7.35
6.61
8.04
6.05
3.68
6.56
2.69
2.21
7.40
8.38
7.53
2.16
5.12
7.55
5.17
4.79
4.70
3.97
6.06
2.18
4.74
5.19
5.98
5.98
7.58
4.69
8.18
3.88
2.03
3.47
0.83
3.06
7.99
6.71
3.62
3.98
6.82
7.73
4.59
2.31
5.42
6.64
5.59
5.56
1.29
2.68
5.60
10.0
3.21
7.15
4.00
5.70
1.27
5.29
3.01
6.15
7.32
4.74
3.91
6.27
3.45
7.89
6.06
8.61
1.64
7.86
7.32
3.06
3.71
3.76
3.56
7.67
3.17
4.79
6.13
4.87
6.91
4.15
6.33
7.99
3.63
4.65
5.71
6.93
5.03
4.87
2.34
5.10
4.58
6.49
2.92
3.81
6.60
8.20
7.55
5.28
5.04
5.57
0.68
4.82
7.03
5.46
3.10
6.01
6.11
4.02
6.78
5.82
7.90
5.30
6.43
4.95
4.44
3.03
4.04
3.81
1.71
4.47
3.04
6.81
6.58
4.57
7.52
6.31
5.36
2.82
5.18
2.01
7.06
4.35
3.25
2.34
1.21
4.60
5.22
2.83
6.94
4.56
6.20
3.99
5.22
7.91
5.90
10.6
4.00
5.53
7.60
6.07
4.72
4.35
2.03
4.07
2.19
2.82
4.29
6.21
8.74
7.45
4.83
2.24
5.50
0.45
4.58
3.58
8.09
7.12
5.89
7.87
1.63
5.19
5.41
5.70
2.88
7.14
3.22
3.74
4.18
0.92
3.97
5.35
4.07
4.83
7.59
3.81
4.19
5.94
2.83
3.83
5.18
4.37
4.94
4.03
7.57
5.46
5.34
4.85
5.37
5.73
4.91
3.28
5.40
7.34
4.13
2.92
6.32
4.34
2.66
5.98
3.65
2.84
1.06
6.01
4.65
5.08
3.51
3.27
6.29
5.05
3.15
4.85
8.17
5.19
0.14
3.59
5.68
4.11
3.16
5.17
5.96
6.29
7.28
3.55
4.74
3.87
0.77
2.34
6.91
5.60
9.46
4.98
6.42
6.77
4.56
3.85
4.14
4.27
5.01
6.92
7.32
5.77
6.47
2.95
5.00
5.83
6.59
2.17
2.00
7.42
4.17
2.71
5.94
3.63
2.24
3.19
6.24
4.44
4.00
3.78
4.78
5.22
3.15
3.67
6.06
2.91
4.38
2.15
0.78
3.21
5.96
3.28
7.92
3.41
6.77
5.98
4.49
6.63
4.58
5.22
3.67
8.41
6.59
4.86
5.77
5.26
6.42
6.18
4.83
4.09
6.76
3.88
6.65
4.33
5.21
1.25
5.89
4.16
3.15
3.65
7.69
5.99
4.03
4.08
5.92
3.48
5.67
6.62
3.91
6.53
4.75
