5.88
4.22
6.47
4.99
0.30
4.77
3.47
5.25
5.80
3.29
1.72
4.58
5.28
3.67
7.69
2.41
3.45
5.46
9.70
2.81
5.64
5.98
3.92
5.50
8.16
5.56
6.54
5.07
6.70
4.72
4.85
4.44
4.98
6.07
5.37
5.72
5.23
4.39
1.38
5.73
6.98
2.98
3.50
7.06
5.42
6.62
4.43
4.27
7.77
3.42
2.65
5.09
5.13
5.80
1.98
4.12
6.67
4.38
2.19
4.75
3.51
7.34
6.12
4.01
4.76
7.91
5.91
5.17
4.75
6.18
5.01
6.69
7.75
2.82
0.84
3.66
5.85
1.10
5.65
7.44
3.70
3.47
1.00
4.46
4.86
4.26
3.76
4.08
3.75
4.21
3.73
1.15
5.21
6.74
6.06
1.51
5.60
3.75
2.61
2.88
5.53
3.87
7.69
6.17
6.91
3.89
4.34
8.29
7.95
4.16
6.19
5.27
1.94
5.13
7.23
5.22
3.94
6.94
7.62
3.81
6.07
7.36
3.89
5.15
5.21
4.77
4.63
6.74
9.39
6.30
7.09
4.95
3.58
5.35
3.69
6.83
0.93
4.12
5.55
7.33
3.74
6.52
4.55
5.05
4.71
4.53
4.89
5.97
6.89
7.57
9.46
6.19
7.85
3.76
4.55
7.42
1.50
1.17
4.79
1.12
5.99
2.80
6.21
3.72
1.87
3.34
4.75
5.96
6.70
6.05
5.31
8.55
7.21
7.61
5.54
1.96
2.20
4.09
7.92
5.26
3.49
8.36
8.62
8.16
1.78
4.77
6.32
6.42
3.48
5.20
3.23
6.40
3.77
4.33
5.92
6.57
5.14
3.48
5.43
5.05
5.78
8.39
5.99
5.96
4.89
1.25
6.85
7.53
8.05
1.03
2.77
3.29
6.99
3.87
6.01
3.64
3.77
5.37
4.30
2.88
9.59
4.86
2.74
3.01
2.31
5.23
8.22
4.93
4.24
4.81
6.05
0.74
5.27
4.58
2.24
8.81
2.91
8.08
6.66
6.84
1.06
3.02
2.94
5.93
3.92
2.41
6.80
3.31
3.82
2.75
6.75
5.23
6.39
5.97
4.61
1.35
4.66
3.20
5.54
2.79
3.98
2.33
6.14
3.22
3.83
2.22
5.38
6.13
3.05
7.08
3.26
4.32
5.62
5.81
6.11
3.85
3.31
2.49
7.32
5.91
4.05
6.71
6.84
3.86
6.30
3.16
4.01
5.16
6.69
4.99
2.50
4.05
4.81
6.05
1.88
2.73
4.39
5.88
5.93
2.18
2.02
6.41
5.09
7.26
8.33
8.61
4.15
6.13
5.79
7.63
3.61
4.61
3.49
5.53
4.04
5.65
5.49
4.09
5.82
4.99
7.08
8.70
3.91
8.52
6.38
5.94
5.24
7.90
6.02
6.26
4.15
6.71
5.20
2.50
4.93
5.84
5.88
3.57
2.87
7.34
4.00
2.43
5.13
7.20
2.83
6.23
1.73
2.51
2.95
6.85
1.52
2.80
6.25
6.26
3.51
5.60
2.86
4.58
5.11
3.90
