5.35
3.36
1.81
1.61
3.21
1.34
2.94
3.84
0.30
4.88
1.75
6.13
7.13
5.58
2.24
3.22
4.84
8.93
3.16
9.03
4.90
1.96
7.26
5.61
2.77
3.89
7.28
7.91
4.17
2.34
5.76
4.72
7.14
6.39
9.82
4.56
5.61
6.50
2.57
8.89
5.01
5.58
5.90
3.92
3.05
5.99
2.84
3.67
5.12
2.93
4.35
7.94
7.60
5.62
1.13
0.96
9.14
3.84
4.42
1.36
3.18
7.28
5.61
4.64
5.10
3.35
5.79
6.47
4.36
4.88
5.21
2.05
8.27
4.95
4.53
5.54
5.46
3.33
0.34
5.60
5.71
4.98
2.52
3.03
5.96
4.76
1.74
2.05
6.17
4.94
5.28
3.96
4.55
9.00
6.14
5.99
5.30
3.40
7.63
4.34
7.17
7.29
10.8
4.87
2.92
2.30
1.42
5.13
4.04
4.06
3.92
5.78
7.57
4.74
5.22
2.55
7.25
2.61
1.14
3.51
5.15
9.08
3.99
3.73
5.72
4.49
2.74
6.72
6.01
5.00
6.64
4.03
8.76
3.40
4.91
5.27
4.15
7.00
3.51
2.61
3.91
2.34
7.77
6.54
6.07
4.40
0.32
4.33
3.83
3.13
4.33
3.82
4.57
6.87
3.74
4.96
5.25
7.86
6.33
6.76
9.37
5.00
7.18
4.65
3.75
4.84
1.71
10.6
4.34
2.98
5.76
4.27
4.84
5.29
4.42
5.14
2.90
4.42
4.48
2.24
5.05
6.09
3.93
8.33
7.03
7.25
4.83
4.69
6.23
4.20
4.40
2.04
8.39
5.92
4.42
5.86
6.46
8.28
3.61
1.56
3.87
6.42
5.60
3.98
1.71
4.17
8.35
4.78
4.84
5.39
4.74
7.70
3.00
6.90
5.50
4.57
4.23
4.42
3.87
4.63
8.14
7.73
6.60
2.67
2.50
4.90
6.88
3.05
8.56
4.50
7.58
7.07
5.57
5.96
9.64
3.87
4.34
6.18
5.05
3.53
3.44
4.97
5.46
3.99
9.27
3.20
6.09
2.07
6.70
4.03
6.39
6.66
5.84
2.50
5.82
4.28
2.58
7.12
1.26
4.54
6.56
8.12
2.74
3.44
4.99
2.84
3.43
4.37
3.88
6.75
1.91
6.32
2.66
6.38
4.31
4.12
3.00
4.99
3.87
8.37
9.67
6.55
6.39
7.86
0.84
6.28
4.15
3.71
4.89
5.32
5.34
5.96
5.28
7.82
2.13
3.07
4.11
6.25
2.76
4.02
6.42
4.15
3.05
4.51
1.68
4.45
5.45
8.56
2.15
7.54
5.43
2.19
6.23
3.60
7.76
7.03
10.2
5.98
2.82
3.30
5.26
1.98
4.81
4.98
3.88
7.18
3.56
7.81
6.83
4.45
4.09
7.27
3.17
7.96
7.96
6.25
3.61
6.66
5.54
2.41
6.40
5.21
1.96
6.72
5.79
2.44
4.30
6.14
4.54
3.66
5.50
6.10
2.11
5.70
6.88
4.07
4.59
3.99
5.82
4.18
