2.96
5.43
5.15
4.93
6.31
5.32
4.34
4.96
4.09
3.65
3.07
3.04
10.6
3.11
6.27
6.52
4.47
3.79
4.89
4.21
5.83
3.48
7.15
2.56
3.12
6.50
1.92
5.24
4.79
4.36
6.53
6.63
9.62
4.98
2.49
2.88
4.82
2.20
7.68
3.22
4.71
8.03
3.97
5.01
6.51
1.10
4.29
6.17
7.02
5.26
6.63
8.41
5.49
8.08
3.30
4.81
3.77
3.14
4.06
3.95
8.24
1.23
3.70
5.25
2.12
6.71
4.53
3.65
0.77
8.14
5.45
6.75
4.43
2.57
3.39
5.59
3.95
3.27
3.16
10.3
6.46
3.55
5.36
2.74
2.12
9.05
4.11
5.89
3.26
3.76
5.05
8.21
3.72
3.01
5.45
5.83
7.05
2.13
5.65
6.25
5.83
6.08
4.06
6.63
8.18
4.77
5.26
4.78
1.57
5.70
4.91
4.22
6.34
2.28
7.94
3.57
2.46
7.95
6.14
1.08
2.75
5.98
4.92
5.78
7.40
4.89
4.59
4.75
4.40
4.90
7.73
9.14
7.64
4.69
8.74
4.84
4.16
3.70
9.72
5.11
3.15
6.46
9.09
2.43
8.22
4.74
3.95
9.48
6.47
1.33
4.84
6.77
3.76
7.88
3.38
9.25
4.68
4.79
3.92
1.27
3.66
9.86
4.13
3.92
5.29
2.99
2.16
8.67
5.09
3.91
6.13
4.32
7.19
7.96
5.68
5.40
2.93
6.40
3.30
3.13
5.03
6.67
5.88
4.03
4.11
7.31
3.40
4.44
3.94
9.24
3.44
3.79
5.25
5.98
8.08
3.65
5.76
2.76
1.02
4.62
2.41
5.83
4.30
2.01
3.69
6.43
10.1
5.10
6.67
5.93
4.89
2.91
1.64
4.02
8.97
5.28
2.81
5.13
5.07
5.87
5.47
7.56
1.19
3.93
1.89
5.67
4.79
6.06
1.16
4.81
6.43
5.75
5.76
3.22
3.94
5.23
4.00
9.06
9.11
4.00
7.03
6.88
7.57
6.18
2.42
4.27
3.75
4.10
4.52
5.75
2.73
1.65
5.34
5.14
7.13
5.69
3.86
6.34
5.05
8.18
5.70
4.27
5.18
8.53
9.04
8.01
3.97
4.58
3.92
6.73
3.82
7.40
1.80
7.18
9.62
3.89
1.28
3.29
8.05
5.20
8.03
5.69
5.28
3.00
4.88
3.21
4.88
6.47
4.24
5.27
5.60
4.20
5.00
6.41
5.94
9.21
4.75
7.93
2.71
2.84
4.57
8.54
3.49
4.67
4.75
1.75
3.90
4.26
3.58
2.65
3.54
2.71
4.41
7.00
3.67
4.38
7.38
5.97
2.96
8.13
3.54
0.95
1.31
7.50
6.41
5.54
2.09
4.91
4.53
5.42
7.29
5.48
3.99
4.83
1.71
6.08
6.21
4.29
3.39
8.04
4.27
1.71
7.76
6.76
5.59
3.81
3.03
4.58
5.31
5.72
2.65
9.12
4.10
5.70
4.99
5.06
2.02
6.04
7.24
4.37
