8.23
4.82
4.85
5.30
6.16
3.91
2.41
4.25
8.86
4.59
6.72
5.23
1.62
7.09
6.72
3.19
5.48
6.78
3.47
1.69
2.96
3.15
6.07
2.43
5.06
2.69
3.67
4.23
9.10
0.51
6.44
4.31
4.00
2.45
5.41
3.96
4.26
2.82
5.75
8.67
3.47
6.22
2.12
4.19
8.07
3.90
6.20
6.03
9.90
5.50
4.93
5.41
5.19
6.30
4.76
4.74
4.48
3.68
4.60
1.39
4.58
4.08
3.27
6.18
4.52
7.75
2.38
4.24
8.60
5.98
2.61
5.71
3.85
3.92
4.61
1.78
5.98
1.24
7.93
2.11
3.92
3.99
9.42
5.41
4.49
2.31
4.79
7.89
6.19
3.62
9.45
2.12
7.08
4.82
5.86
3.69
4.96
3.84
3.49
4.74
3.75
5.13
7.50
6.49
5.86
7.77
9.40
3.25
9.76
3.55
3.60
3.18
4.99
5.09
6.42
8.42
2.92
7.57
6.05
2.15
3.06
11.6
5.70
5.16
3.39
7.21
6.23
5.88
6.17
7.34
2.39
1.99
7.48
7.16
6.75
4.31
4.81
5.37
2.74
3.64
2.62
4.66
5.84
3.92
4.36
1.86
3.02
3.25
5.78
3.51
4.75
2.54
4.08
8.80
6.72
4.39
6.77
5.07
3.78
5.42
6.18
1.88
4.03
3.29
6.19
3.45
4.10
2.93
5.21
5.73
6.94
4.74
1.39
6.44
4.66
6.47
0.82
3.31
5.43
4.65
3.20
4.83
5.45
5.81
4.42
3.47
4.20
1.97
4.34
6.60
5.16
5.69
0.67
5.24
6.70
4.83
5.03
5.27
4.28
3.79
4.77
1.60
7.11
6.13
5.04
4.57
2.79
4.65
7.69
7.45
1.59
2.76
6.58
8.67
7.00
4.05
5.53
4.52
6.83
4.34
4.27
6.13
2.58
6.11
4.27
5.70
3.84
6.75
4.85
3.59
0.67
3.18
4.45
5.30
3.26
3.41
3.60
6.03
5.12
5.55
3.60
4.24
5.04
3.45
4.91
6.31
2.15
6.70
6.22
4.60
2.60
5.50
6.79
4.49
7.31
5.40
4.27
3.63
2.28
5.63
6.48
7.02
1.85
2.68
7.98
3.64
5.69
3.33
10.1
4.40
7.72
4.66
2.98
4.73
6.26
0.73
3.20
7.49
7.31
7.01
3.83
4.61
5.07
3.18
4.23
3.90
4.93
2.39
4.39
5.34
6.34
6.58
3.85
7.13
6.11
6.45
8.52
3.22
6.57
4.56
1.97
8.11
5.89
4.56
5.94
4.43
2.71
5.08
3.79
4.75
9.92
4.99
3.66
6.88
1.88
5.68
6.32
2.51
2.16
6.80
6.75
4.83
5.78
5.29
2.51
7.19
7.82
5.41
6.31
5.05
6.18
5.63
3.57
3.78
5.17
7.86
5.43
3.16
2.86
7.03
4.37
8.05
4.37
4.62
2.16
4.40
6.76
1.42
3.54
7.52
4.85
5.95
8.62
5.57
8.38
5.25
7.38
4.35
2.80
4.66
