4.02
4.60
7.83
4.81
7.34
1.62
3.89
7.05
5.57
7.40
2.99
8.09
4.49
7.48
2.10
6.24
8.49
6.38
3.36
4.87
1.97
4.64
1.07
6.69
6.21
6.58
6.69
1.41
7.97
4.68
6.30
4.31
6.95
4.13
5.45
5.06
5.11
3.26
5.73
5.82
4.86
3.18
4.37
5.78
3.72
2.13
0.60
1.10
3.70
4.34
5.45
6.10
4.25
5.49
5.86
4.65
6.07
3.97
6.21
4.41
1.39
9.49
4.66
4.27
3.97
3.16
4.64
3.21
1.22
2.11
7.37
2.38
4.89
4.79
2.45
4.18
4.37
3.26
8.08
1.67
9.31
3.21
4.79
6.17
3.72
4.02
4.79
1.15
2.78
7.47
6.08
2.52
3.13
1.89
5.63
3.20
1.17
3.53
2.40
6.38
5.20
2.86
4.40
7.27
5.45
6.74
3.26
4.59
6.29
4.96
5.81
6.40
6.65
6.43
6.20
7.37
6.49
5.64
6.72
4.95
6.54
3.18
3.17
7.71
9.80
4.53
3.96
5.54
2.82
5.89
3.79
5.51
6.90
2.27
4.62
4.23
3.60
6.52
4.35
5.59
2.97
3.87
5.37
4.67
6.07
3.38
5.89
1.67
4.67
2.50
3.43
6.85
5.64
3.30
6.35
6.04
7.88
5.92
6.98
5.90
6.89
5.92
8.14
6.36
10.0
6.52
10.0
6.31
8.54
6.95
1.69
3.75
7.70
8.04
5.66
5.52
2.56
5.27
5.93
0.87
6.50
4.07
4.79
2.77
1.43
3.40
5.51
9.51
8.16
5.13
2.94
7.29
5.36
6.14
3.32
5.59
5.81
4.10
7.95
3.48
2.26
2.38
5.97
1.69
9.82
7.41
6.16
5.92
3.48
2.15
4.56
6.20
5.50
7.25
5.49
5.77
5.61
4.56
0.04
6.75
4.25
1.52
8.62
6.43
7.18
6.68
4.35
3.57
1.83
3.32
5.68
5.60
6.27
3.33
5.30
6.50
5.57
9.93
7.25
7.02
4.99
6.95
4.85
3.23
4.64
8.50
7.42
5.28
7.64
1.22
6.42
3.03
4.65
3.28
1.05
5.00
5.64
4.67
1.82
2.14
4.91
6.32
7.11
4.47
7.01
6.42
4.81
1.48
7.61
5.58
5.57
1.84
5.09
4.32
4.62
3.18
8.23
3.75
4.39
3.92
5.01
1.20
6.36
2.78
6.43
7.49
4.51
2.94
4.72
7.49
0.08
3.58
4.48
5.50
3.80
5.07
1.86
4.84
3.30
3.77
4.37
7.36
4.39
3.98
7.10
6.25
5.94
5.62
7.57
0.97
6.34
7.03
2.52
6.63
1.93
7.72
3.93
4.25
4.91
5.37
8.08
1.51
3.61
5.04
5.14
6.66
6.87
6.23
6.77
6.74
1.43
2.35
6.97
7.32
6.35
5.46
5.83
7.70
4.93
7.15
2.56
3.83
6.96
2.39
2.05
3.69
6.67
6.93
8.46
6.10
2.44
5.93
6.95
5.94
6.04
2.42
6.30
3.30
4.90
2.87
