7.16
5.39
4.86
2.19
1.97
5.77
7.06
5.27
1.91
3.09
5.00
2.25
3.17
1.04
5.15
9.62
6.52
5.00
2.05
7.64
5.64
4.37
6.81
3.10
3.61
6.06
3.62
3.75
3.33
2.54
2.84
3.35
4.86
2.89
2.22
3.35
2.96
3.50
5.91
8.57
6.94
7.69
2.74
4.50
4.06
4.87
2.71
3.91
6.67
5.71
4.06
3.07
3.01
3.21
5.32
2.86
6.79
5.84
9.01
4.54
5.33
5.87
2.16
4.77
8.09
5.14
8.11
3.75
8.16
6.11
4.88
4.55
7.51
4.51
3.70
6.58
4.62
3.26
10.3
3.35
7.03
2.27
3.23
1.97
4.38
0.13
3.74
8.23
4.12
6.81
3.04
2.67
5.50
5.20
2.28
0.73
6.69
4.67
2.69
0.75
6.76
5.24
3.83
2.55
5.51
1.85
5.25
5.68
2.30
5.27
4.82
6.71
8.24
4.11
6.48
4.72
6.02
5.28
5.71
5.05
3.09
2.01
5.81
5.50
4.77
4.98
5.30
3.98
5.45
4.73
6.50
6.64
4.12
3.57
9.05
4.59
3.69
5.34
0.55
9.31
4.76
5.01
4.28
7.16
3.42
6.47
7.18
7.49
5.81
4.23
6.34
6.12
6.41
2.78
4.97
4.14
3.68
3.87
7.46
3.90
0.93
8.70
8.14
5.82
3.93
4.43
4.22
6.60
7.63
0.48
2.87
3.62
3.75
11.3
3.34
6.52
1.99
6.70
6.24
6.38
2.74
3.25
6.12
5.11
6.44
4.13
7.29
6.19
4.41
4.61
5.68
4.87
5.87
5.01
8.57
1.22
3.84
8.58
0.05
7.08
4.68
6.74
4.75
4.13
7.33
3.79
6.03
0.83
5.82
7.30
3.76
4.54
8.16
6.58
3.67
2.17
9.22
4.93
4.55
5.74
5.98
0.83
9.29
4.31
3.44
3.18
4.57
4.30
1.47
8.04
6.64
2.38
6.45
4.24
2.12
8.30
4.40
2.47
3.49
8.15
3.96
4.76
5.65
4.17
3.47
4.03
5.13
7.97
6.79
8.84
0.24
4.36
5.23
5.81
4.40
6.05
6.59
2.74
5.96
2.42
3.47
4.57
8.92
3.12
0.52
3.99
4.67
2.44
7.35
3.09
4.65
7.03
5.15
5.25
4.83
7.11
7.41
2.07
4.20
2.44
4.83
2.10
4.68
2.02
6.64
5.41
5.19
2.58
2.49
4.22
0.74
7.64
5.57
6.16
4.52
8.14
2.58
2.39
2.33
3.99
2.81
6.09
4.44
2.94
8.61
5.65
5.39
5.73
4.48
6.12
4.10
6.70
2.27
3.59
1.70
0.93
3.14
3.84
1.46
4.51
6.72
6.28
2.68
6.97
3.68
7.68
8.64
2.80
4.66
6.67
4.04
4.55
5.78
4.22
3.21
2.51
3.45
6.91
1.09
5.20
10.7
4.06
4.75
5.02
3.45
6.88
7.45
4.09
9.48
5.43
5.86
4.88
4.39
3.34
8.60
3.30
5.75
5.91
2.00
3.56
