6.34
8.74
3.77
4.65
7.45
4.51
6.17
5.29
3.09
1.93
8.31
4.36
2.68
8.38
5.34
6.95
6.26
6.73
5.75
4.83
3.61
2.26
3.35
6.17
3.92
2.81
3.72
8.57
3.47
4.54
6.37
3.85
6.04
6.40
4.85
7.15
9.22
7.51
6.37
4.44
4.19
2.68
6.02
5.20
4.95
4.49
7.17
4.40
5.35
2.61
6.32
6.07
5.71
6.91
9.83
4.38
2.77
4.27
6.49
0.11
1.30
9.71
4.63
5.90
3.14
2.72
2.31
5.14
5.33
5.28
7.16
10.1
6.69
5.15
3.76
2.08
5.65
7.05
5.30
6.94
4.63
3.23
6.63
3.80
8.62
2.27
6.68
1.80
5.03
3.45
7.49
5.66
3.67
6.12
8.46
6.05
4.88
4.46
3.84
7.22
5.97
7.08
4.02
8.13
3.91
6.26
5.46
3.77
6.33
7.02
4.48
4.28
2.92
5.85
4.59
5.33
3.56
4.16
3.48
3.43
7.80
1.28
3.40
2.95
3.69
3.48
6.09
4.13
1.64
4.50
10.3
2.88
5.68
0.51
1.64
4.50
3.39
2.08
6.38
4.11
1.57
2.73
6.01
4.17
8.47
4.00
3.63
5.90
5.00
7.03
5.15
7.62
5.10
5.42
3.70
6.76
10.2
3.57
4.18
2.73
5.91
4.14
1.43
5.72
4.07
6.80
1.87
4.09
2.23
6.59
4.56
4.99
6.68
5.78
6.35
4.86
5.00
3.38
5.37
7.35
4.32
9.10
4.31
8.73
5.90
3.10
6.11
7.99
1.57
6.78
6.11
2.58
7.30
2.78
8.58
4.76
5.74
2.79
6.61
6.65
5.11
3.41
3.64
6.29
6.24
5.69
5.63
6.27
7.48
6.98
4.78
2.56
3.65
4.80
5.41
4.32
1.85
6.22
5.97
5.50
3.45
5.86
6.06
5.06
2.91
5.45
4.47
4.61
5.64
4.80
7.30
3.06
4.06
2.60
6.42
3.59
9.33
7.91
1.40
4.57
4.37
2.08
4.33
5.65
3.42
5.58
4.68
5.34
7.74
1.50
8.13
1.61
0.51
0.96
3.56
3.76
5.63
2.18
2.54
10.8
3.84
2.47
3.51
4.57
4.75
3.48
3.42
5.61
7.45
4.72
6.21
5.15
5.25
5.51
5.95
8.40
7.36
4.53
3.05
7.11
4.74
5.27
9.54
4.05
1.75
1.28
8.61
2.83
6.36
5.30
5.40
1.18
0.84
4.11
3.81
1.52
3.50
3.31
5.92
7.33
5.94
8.60
1.08
5.89
1.53
5.06
7.09
5.20
5.50
7.07
4.95
3.08
8.01
6.37
4.38
4.31
8.35
5.71
5.00
5.04
2.50
5.50
7.08
2.66
5.98
6.20
3.24
3.31
7.63
4.69
8.02
5.58
7.95
6.75
5.32
8.17
3.14
5.26
4.65
4.33
3.59
2.80
7.52
2.39
1.74
4.46
6.52
0.64
3.53
8.24
2.79
6.00
3.19
4.81
8.07
5.76
3.39
9.28
4.04
6.87
