0.68
4.51
3.77
10.8
3.58
3.95
6.90
4.00
3.28
4.09
6.28
4.05
6.81
3.84
4.75
7.77
7.67
5.10
4.67
4.08
3.69
7.39
4.69
8.34
0.75
1.73
5.35
5.48
4.05
7.05
6.09
3.16
5.19
6.41
4.87
2.89
3.96
2.91
4.79
4.82
4.20
5.02
6.11
5.10
5.79
4.90
5.83
6.38
7.74
4.49
4.67
5.90
4.17
1.10
0.74
5.18
5.79
7.18
3.81
6.12
5.68
6.72
8.75
4.69
5.50
0.21
5.47
4.92
2.89
5.53
2.41
5.66
6.20
5.46
6.27
4.05
6.05
1.42
10.3
7.01
8.03
5.45
5.83
6.06
3.06
3.40
4.79
6.12
1.62
3.49
6.75
1.79
5.74
5.62
4.69
8.14
2.39
4.32
6.36
6.10
6.11
4.97
2.07
3.37
4.34
7.63
7.03
3.76
7.10
7.61
6.35
5.69
5.71
8.12
7.29
5.04
2.33
3.64
6.00
2.12
6.33
1.95
4.17
5.43
2.49
2.63
3.64
6.65
4.69
3.05
8.90
2.74
3.77
4.63
2.51
5.93
4.65
5.72
8.84
5.32
4.58
4.41
1.97
5.36
2.24
6.04
2.69
3.20
2.79
3.22
4.54
7.21
8.07
5.88
0.27
4.59
7.66
3.31
6.67
4.10
5.28
7.21
7.51
5.14
6.60
6.95
6.67
4.22
3.39
4.64
4.81
8.38
1.90
5.96
3.73
2.41
2.42
4.95
1.80
6.26
8.80
5.40
2.51
3.64
7.25
7.25
6.10
3.21
4.18
7.33
2.23
7.21
7.42
7.06
2.73
6.56
6.95
6.08
4.52
5.76
2.08
3.10
7.79
8.37
2.77
2.91
6.14
6.15
1.44
3.71
6.81
0.81
7.02
0.58
3.91
10.8
5.62
9.04
9.74
3.15
6.28
7.39
7.49
5.08
6.39
8.16
5.21
6.88
7.92
4.19
4.33
8.44
3.38
6.57
2.87
3.99
5.51
6.28
2.54
4.43
6.44
2.78
5.61
5.05
2.96
4.44
3.44
5.89
4.65
6.69
7.10
5.14
8.60
7.87
4.76
2.24
4.35
5.34
5.16
4.83
5.19
5.26
5.42
4.34
1.94
6.39
4.06
5.58
5.53
4.10
8.38
5.73
5.17
3.07
5.50
2.42
6.72
5.90
5.61
7.28
2.51
4.41
6.35
6.06
4.76
4.40
8.01
3.83
6.40
2.12
5.84
2.69
4.23
8.71
6.45
3.81
3.46
7.50
9.98
3.54
5.86
7.80
6.35
3.56
2.72
6.84
1.32
5.28
8.60
3.54
3.70
4.25
0.61
2.75
4.82
5.76
9.99
6.26
4.33
7.54
5.61
3.17
4.26
4.11
4.70
2.76
6.41
2.65
4.17
6.48
3.19
4.44
3.48
6.34
2.36
8.39
4.84
7.41
4.81
1.66
8.07
5.44
7.72
5.04
5.68
5.28
1.82
3.35
3.85
7.14
2.34
5.74
7.07
7.43
2.06
0.78
3.97
6.09
3.04
6.48
