3.75
1.21
3.60
7.15
5.64
5.28
4.34
3.24
4.55
6.29
6.18
5.79
4.16
2.69
9.96
5.60
6.09
4.29
3.45
6.07
6.06
3.83
7.34
7.81
6.80
5.44
7.66
10.4
5.21
2.65
2.75
1.33
5.10
5.46
6.61
3.65
2.51
5.94
2.44
5.25
4.98
4.58
6.29
6.93
3.43
7.29
7.31
6.02
2.68
6.88
4.58
5.04
6.11
8.03
7.20
1.84
3.92
4.03
5.51
4.11
4.51
4.31
7.91
6.24
8.44
2.83
5.59
2.20
5.03
5.67
4.99
7.23
5.40
6.50
4.93
2.41
2.13
5.03
2.60
3.94
2.72
3.92
2.76
6.22
4.78
9.66
5.79
3.09
4.33
5.44
6.08
0.89
4.21
7.50
2.84
7.81
5.32
2.49
4.68
5.55
7.13
5.57
6.53
7.96
1.12
5.24
6.92
3.30
6.87
5.46
5.14
5.29
7.30
6.52
3.92
3.29
4.88
6.06
3.42
8.29
5.92
2.20
6.11
4.00
6.26
6.82
3.77
2.50
5.35
5.41
4.97
4.60
4.63
3.62
6.04
6.23
3.94
4.74
5.91
6.31
1.57
4.68
5.00
3.31
7.45
6.14
4.23
5.33
5.86
5.64
3.76
5.72
4.57
5.74
6.07
5.92
5.14
5.05
4.02
5.18
4.66
5.50
2.68
4.51
0.68
3.73
6.67
7.95
7.10
3.13
3.53
7.50
2.67
6.69
5.40
4.84
3.97
6.44
6.00
5.41
4.00
9.36
3.37
3.24
5.29
1.99
1.89
7.91
3.31
1.60
6.89
3.78
5.07
6.58
6.06
7.43
1.64
6.90
0.89
7.41
1.64
2.03
3.67
3.38
5.93
6.60
7.23
3.69
8.64
3.82
7.35
9.09
1.18
6.10
7.71
2.83
6.86
7.52
4.66
6.69
0.43
7.07
7.74
4.77
4.99
3.45
2.87
4.69
3.39
9.51
7.88
4.70
8.60
4.15
6.08
3.24
5.12
2.61
4.38
2.17
5.94
6.03
6.93
5.02
4.23
5.91
5.28
3.05
4.01
3.92
3.82
4.35
2.25
4.27
7.41
3.57
0.25
2.71
3.79
5.68
7.06
4.91
1.53
3.89
3.45
4.95
3.22
6.66
7.01
7.22
2.01
9.58
1.30
4.82
1.30
5.82
6.20
3.83
4.17
4.50
4.59
5.92
3.96
6.01
0.12
0.20
2.18
4.23
5.91
5.92
3.23
4.82
3.31
3.86
3.13
5.14
5.62
5.27
2.02
2.75
3.27
8.80
5.26
2.38
5.59
5.39
5.27
4.60
5.69
5.76
8.39
3.95
3.83
4.83
2.21
5.04
3.96
6.84
5.19
6.42
9.41
1.60
1.14
5.61
3.81
5.02
3.98
3.91
5.97
5.93
5.52
7.42
2.24
5.22
6.30
7.01
5.02
5.02
5.83
4.35
5.83
5.44
4.06
4.01
4.29
5.13
3.99
3.30
8.15
5.76
6.36
6.60
2.91
5.15
5.89
9.92
1.31
1.03
7.10
4.30
