1.23
1.71
1.43
1.49
1.40
2.06
1.95
3.83
1.02
0.76
1.01
1.68
2.52
2.00
0.84
3.43
1.13
1.84
3.88
3.00
1.37
3.69
0.64
0.86
0.36
2.31
2.43
0.49
3.49
2.83
2.31
2.34
2.55
2.73
1.04
2.70
0.87
1.04
3.98
2.28
2.71
0.87
3.56
2.07
2.64
1.26
1.50
2.53
1.54
3.69
3.83
1.61
0.50
1.85
1.80
2.59
2.44
2.23
0.56
1.03
1.75
3.46
1.81
2.92
3.35
1.71
1.20
1.64
1.74
0.39
1.83
2.63
1.54
2.28
2.57
0.75
2.54
0.47
0.81
0.05
1.59
3.15
0.24
1.08
3.52
0.08
1.36
2.53
1.53
0.21
0.14
2.78
1.33
0.62
0.84
0.70
2.15
3.18
1.53
1.43
1.16
2.30
1.65
2.82
1.05
3.92
0.66
1.12
1.05
6.09
1.65
2.43
2.24
1.26
1.11
3.06
3.23
2.01
2.70
0.45
2.63
2.22
2.61
1.03
2.86
1.30
2.17
0.93
1.59
1.79
1.83
0.19
1.38
2.26
1.15
1.95
3.59
0.90
2.59
3.09
0.28
1.73
0.12
1.87
1.32
0.98
1.96
3.17
1.02
2.59
2.11
3.00
1.98
2.35
1.95
2.94
0.57
3.64
3.08
2.65
0.62
2.98
2.05
1.71
0.93
1.45
0.32
1.93
1.28
1.07
3.14
2.68
1.74
0.03
2.35
1.65
1.43
2.24
1.78
1.42
1.29
1.40
0.64
1.68
1.27
3.67
0.19
1.46
0.21
1.35
0.85
1.02
0.47
0.22
1.58
2.02
0.29
1.84
1.72
1.96
0.66
3.27
2.16
0.36
2.45
1.25
3.01
2.90
2.30
1.98
3.43
1.94
2.02
2.97
2.40
3.19
2.10
1.16
2.61
0.95
2.34
3.05
2.74
3.43
1.32
2.30
0.38
1.82
2.12
0.96
1.31
2.80
2.07
3.31
0.27
2.01
1.62
2.10
1.66
2.43
2.23
1.07
0.52
3.08
1.62
3.04
1.80
0.69
2.93
1.79
1.48
1.78
0.40
1.10
3.11
0.93
2.87
2.10
1.97
1.35
3.62
0.66
1.77
1.49
1.76
0.97
1.11
1.47
1.22
2.41
0.98
4.05
2.75
0.21
2.66
1.17
2.82
2.64
3.27
1.89
1.97
1.06
1.80
2.88
1.86
0.78
0.48
0.63
3.41
1.46
1.52
1.82
2.17
1.38
1.58
2.00
2.03
3.25
1.80
1.76
0.48
2.51
1.34
2.39
2.34
4.11
1.52
3.49
2.61
2.66
2.15
1.36
1.16
1.25
1.28
1.44
2.88
3.09
1.26
3.70
2.28
3.02
2.35
3.53
3.48
2.67
4.68
2.71
1.63
1.67
4.09
1.42
0.71
0.84
1.41
1.41
2.38
0.77
0.55
2.37
1.20
1.22
1.22
1.98
1.67
0.65
1.51
4.02
3.67
2.01
0.30
0.64
0.78
2.51
1.72
1.99
0.73
2.53
2.74
1.58
