4.72
1.54
3.52
7.96
3.49
4.08
4.77
8.74
3.91
7.92
2.80
4.82
8.80
3.78
2.10
7.41
7.37
4.24
5.89
4.23
4.27
3.92
7.75
3.71
3.60
4.22
7.37
7.95
2.87
7.27
4.71
7.20
3.99
4.80
4.14
4.01
5.10
2.02
4.92
4.84
6.47
5.51
2.73
5.10
7.64
2.06
12.6
3.94
4.10
6.60
8.60
6.91
6.01
8.69
3.98
4.72
1.94
2.94
4.34
2.49
2.75
3.93
4.74
6.23
6.07
8.26
2.53
3.15
1.37
5.62
3.38
4.41
5.57
7.97
7.15
9.01
4.94
8.88
4.43
8.69
3.65
6.78
7.13
2.96
3.76
4.69
7.78
5.76
1.22
4.84
4.58
3.06
2.92
1.56
2.60
6.46
1.03
6.67
3.84
3.52
5.48
9.00
7.57
4.07
7.48
3.93
5.72
3.58
6.44
3.92
2.07
4.07
5.38
3.24
6.00
4.61
6.20
3.10
7.49
3.17
4.96
4.30
8.32
7.63
3.24
4.94
5.87
3.83
3.52
4.80
5.36
3.87
7.66
9.55
5.08
11.3
7.79
5.02
3.17
5.36
9.27
5.46
7.18
3.82
2.54
3.43
4.49
4.01
4.98
2.35
4.22
2.32
2.46
8.05
6.85
5.74
2.49
4.89
2.42
3.35
2.98
1.36
4.59
4.90
4.97
5.23
4.29
4.89
6.95
2.95
8.84
5.83
5.00
1.05
1.50
4.93
6.10
2.80
6.49
4.83
6.14
2.88
4.52
4.97
3.57
6.31
3.49
9.44
4.54
6.62
9.14
4.46
5.63
1.81
3.23
7.16
3.16
5.71
2.02
3.51
5.00
3.61
8.86
2.71
4.04
3.94
7.85
3.58
4.86
1.42
3.52
2.84
3.44
6.60
6.56
3.67
6.54
3.21
6.54
4.09
5.63
8.82
5.12
5.50
3.49
0.24
5.05
5.16
7.35
5.25
5.27
4.13
6.08
7.56
1.30
6.63
8.89
4.09
4.91
7.74
7.03
5.65
7.23
6.02
3.81
4.00
9.10
3.21
6.17
10.3
3.65
6.85
6.37
5.85
2.94
3.83
6.64
6.47
4.55
8.07
7.26
3.21
5.55
2.97
2.69
3.03
7.41
3.94
6.90
4.30
7.34
8.53
3.73
5.80
1.79
2.23
5.45
0.43
5.25
6.15
6.27
6.83
7.22
4.45
2.73
4.27
7.84
5.10
5.20
2.47
5.83
7.05
4.67
4.46
7.43
7.06
3.82
6.20
4.44
3.52
8.14
6.05
6.16
4.71
3.78
7.11
2.65
9.19
2.29
9.80
5.59
5.06
7.07
2.12
6.59
1.25
5.32
7.18
3.94
5.33
2.60
2.86
3.60
5.84
3.20
3.31
6.97
3.60
0.99
8.14
6.59
3.47
3.17
5.74
8.48
4.32
8.17
4.75
3.65
4.71
2.65
1.52
5.40
3.76
3.57
3.93
3.93
6.17
5.05
3.44
5.68
3.37
3.58
6.32
5.21
8.98
5.96
4.06
7.90
3.01
