4.55
5.36
6.43
2.77
6.58
5.66
2.89
6.21
3.00
6.67
4.31
6.37
2.84
5.00
8.22
5.48
4.57
7.00
6.15
4.79
3.12
7.79
4.34
4.11
4.28
2.72
5.49
4.32
6.93
7.59
4.60
7.98
7.49
7.09
5.54
3.03
4.90
3.24
4.27
2.74
7.25
5.19
6.16
5.25
6.60
6.29
2.52
2.14
4.78
7.41
2.84
4.87
4.94
3.33
2.55
1.45
3.35
6.96
6.83
5.49
4.86
5.95
2.86
3.86
1.36
8.42
9.22
4.07
5.81
6.94
3.86
2.84
4.11
2.83
5.08
5.46
3.88
7.01
3.68
4.30
2.45
4.35
6.60
3.32
3.50
3.27
4.43
4.92
7.03
6.52
5.43
4.85
5.10
1.53
3.32
7.12
3.64
5.69
6.79
4.61
5.56
7.69
5.87
2.60
5.97
4.64
7.49
1.69
5.91
5.51
6.27
2.51
2.89
5.79
7.29
7.80
4.74
4.74
6.34
6.79
7.11
5.37
6.38
1.55
2.65
2.81
3.13
7.42
3.00
5.57
4.25
0.94
3.69
7.83
3.65
8.55
6.42
6.88
4.17
3.19
8.73
6.20
6.32
4.30
3.91
7.44
4.72
3.40
6.77
6.58
2.45
1.64
1.76
5.69
3.41
7.80
1.84
1.76
5.30
1.89
4.40
9.14
5.19
6.60
3.24
3.32
6.37
5.94
2.68
4.90
2.70
2.98
1.32
2.03
3.05
4.70
5.88
8.41
6.00
5.14
4.82
5.41
3.06
1.99
5.14
0.83
5.41
4.44
5.84
8.63
6.21
7.02
4.41
4.70
4.28
5.41
8.16
6.32
4.22
2.97
4.56
7.14
5.05
4.35
3.45
5.15
5.30
4.28
4.24
4.69
5.38
5.96
4.28
9.81
6.23
6.86
2.55
3.04
4.03
3.65
3.93
4.63
5.84
4.18
3.66
4.73
5.59
2.16
5.92
3.94
2.00
3.05
4.37
2.67
4.23
4.62
5.52
3.52
2.93
3.84
7.49
6.72
2.87
5.26
1.36
3.38
4.92
5.16
3.46
1.73
5.38
6.95
3.98
3.70
4.10
4.92
5.25
3.18
5.71
3.94
2.65
3.31
5.59
6.75
3.72
5.58
1.85
6.53
4.11
1.71
5.57
2.98
3.99
6.84
4.24
4.33
5.04
6.97
3.04
2.19
3.62
6.33
6.45
3.76
5.07
7.18
4.14
5.46
4.74
5.13
5.38
4.16
5.24
2.76
4.11
8.77
4.70
4.91
6.08
4.11
4.15
7.29
3.42
4.30
1.78
5.25
3.43
8.72
5.33
2.72
5.37
6.03
7.12
6.40
5.93
5.09
5.68
7.27
5.13
3.53
7.29
3.02
3.91
4.80
2.50
3.93
1.69
3.27
9.10
6.52
0.59
6.54
5.74
6.19
3.59
2.42
5.09
3.38
3.46
5.16
3.81
4.82
2.45
4.09
5.68
2.99
3.34
5.47
1.82
4.44
6.26
6.33
6.56
8.82
6.06
5.31
7.20
6.27
5.38
4.84
