4.80
4.19
4.10
1.97
6.37
4.22
2.76
2.82
7.35
3.28
5.73
5.18
2.79
5.27
2.84
6.69
3.67
3.85
6.33
4.24
3.76
7.02
6.96
2.79
2.20
1.39
2.70
2.89
3.19
5.25
2.80
4.62
9.32
4.18
3.03
4.11
4.65
4.36
3.22
5.26
6.26
0.87
5.62
6.16
5.87
2.64
2.26
3.61
3.04
3.80
5.15
9.82
5.47
6.44
6.79
5.55
7.72
4.65
6.91
6.79
3.45
5.51
8.72
8.82
7.73
7.52
1.72
3.52
1.90
1.66
6.73
3.94
5.15
5.18
2.16
4.56
9.34
4.48
3.83
7.53
4.76
4.50
3.25
2.68
2.02
2.61
7.63
8.01
7.06
8.39
4.03
4.45
5.22
4.05
5.21
6.37
5.12
8.97
6.37
5.51
4.63
1.80
6.35
5.20
7.83
8.26
3.73
7.55
5.17
4.04
3.37
2.90
5.55
4.50
3.56
4.48
5.54
5.53
6.66
4.89
5.04
3.69
6.15
4.03
10.4
4.34
2.19
4.55
7.04
7.46
4.37
9.87
5.42
4.23
1.37
1.05
2.91
6.43
1.79
9.96
7.03
4.99
2.91
7.73
7.48
4.84
8.06
5.80
1.22
5.99
4.51
4.18
3.49
4.18
2.18
4.20
9.09
3.60
8.77
4.17
6.57
7.22
3.68
3.66
4.61
6.67
3.69
6.89
6.64
5.09
6.41
5.14
9.69
4.62
6.55
4.12
4.71
3.99
5.45
3.34
1.91
4.42
4.61
9.04
4.90
7.35
6.37
6.46
7.45
6.39
1.68
6.25
4.83
1.07
10.9
5.91
4.67
2.04
7.25
3.67
5.36
0.64
6.64
2.73
4.70
8.33
2.60
5.06
3.13
6.08
5.14
2.49
2.43
5.61
5.75
5.13
4.05
4.48
2.73
5.31
8.61
3.11
6.85
0.61
3.64
4.95
4.27
6.84
1.06
4.57
7.16
3.67
5.86
5.77
8.14
4.52
4.57
3.42
4.29
5.48
5.14
2.08
3.54
2.40
4.31
2.30
7.14
1.93
3.14
1.62
9.46
2.28
5.58
4.29
7.76
0.06
6.03
3.78
4.35
5.01
3.96
4.73
2.24
4.76
5.69
4.02
2.82
2.09
7.87
4.59
6.42
5.45
3.47
5.29
5.62
5.50
6.65
2.52
8.55
3.64
4.76
5.91
3.96
3.02
6.73
8.31
2.25
4.69
2.69
9.73
3.17
4.34
4.76
4.51
2.75
5.46
7.94
4.61
3.74
1.17
5.10
4.31
10.9
2.72
6.52
6.88
3.90
5.96
0.75
6.95
7.43
4.41
5.91
5.78
8.16
4.06
2.08
2.13
7.16
4.64
4.23
4.54
8.68
5.03
4.80
11.1
6.44
5.96
2.16
3.75
6.33
6.54
7.17
7.65
5.88
5.35
7.53
6.11
6.23
4.25
4.46
4.94
4.26
2.35
4.79
6.96
3.51
3.72
5.95
4.25
2.25
4.32
5.12
5.24
6.68
3.50
2.54
2.97
4.87
4.02
