6.28
2.78
5.64
6.13
4.96
4.94
4.86
8.23
7.55
6.87
5.45
3.97
3.18
4.23
8.03
4.97
3.05
4.97
7.48
5.37
4.66
0.48
7.88
6.06
8.98
3.07
3.28
6.01
4.58
8.72
7.17
2.17
4.01
5.21
4.20
3.66
4.57
6.21
6.03
8.15
5.00
6.03
5.82
6.28
5.47
3.51
0.64
0.38
6.96
3.56
4.86
5.48
3.19
5.98
6.53
2.09
3.26
4.09
8.57
2.41
9.64
1.77
3.19
4.78
4.11
8.68
6.19
4.29
5.33
4.17
4.30
4.70
4.90
2.38
8.12
5.51
7.55
7.84
3.62
2.78
4.61
6.74
7.14
7.34
4.85
6.79
5.48
1.00
3.64
4.81
1.08
7.29
9.12
0.77
4.51
5.16
2.93
8.56
5.27
7.70
3.09
4.26
3.72
3.58
4.37
4.43
2.70
5.98
9.26
6.36
2.28
8.16
2.36
2.24
8.94
3.71
5.43
2.51
1.30
4.88
1.40
5.18
6.63
7.18
6.83
6.06
6.77
6.12
5.39
6.18
3.58
5.02
6.64
5.66
4.72
0.67
0.81
3.10
2.39
8.32
3.51
4.48
4.60
4.01
5.29
8.45
7.67
7.05
5.40
3.21
3.40
2.55
0.82
4.79
8.76
0.97
5.89
3.53
2.58
5.36
5.03
3.29
5.49
5.87
4.47
4.60
8.08
8.19
4.97
5.77
2.16
5.97
8.65
3.58
3.15
6.29
6.36
4.56
10.4
7.61
7.81
8.84
1.46
2.22
6.27
6.54
4.22
8.45
5.03
3.24
7.20
4.81
5.18
6.51
6.02
0.70
1.60
8.18
3.26
8.20
6.00
3.55
6.01
5.85
2.75
8.58
0.56
1.41
7.34
7.22
2.98
5.95
3.88
3.35
6.89
0.80
6.70
2.33
6.36
6.69
5.48
2.05
8.69
6.93
3.81
3.43
5.60
5.62
2.06
4.51
4.33
5.86
3.40
3.03
6.20
10.6
5.81
3.19
2.99
6.19
5.37
3.63
5.16
3.61
9.40
5.50
3.55
9.41
4.69
4.46
2.58
6.32
5.50
0.22
8.90
3.21
4.70
3.66
9.60
4.19
4.59
5.85
5.50
3.90
4.41
8.48
6.94
5.08
6.67
3.88
4.66
4.84
6.09
5.82
4.67
5.10
5.79
1.91
4.87
3.83
5.43
5.23
1.84
5.66
3.75
8.69
4.88
6.43
3.13
3.40
5.59
3.59
3.41
8.08
6.17
6.56
5.12
3.32
3.89
5.07
2.99
6.75
2.24
4.68
5.80
1.25
10.2
6.17
7.48
5.74
3.71
5.15
8.21
4.23
4.25
7.21
10.3
2.58
1.59
1.11
8.64
7.80
2.18
2.85
4.24
4.34
4.58
3.00
2.03
5.32
8.43
4.84
2.86
6.81
4.92
7.38
0.89
5.91
4.60
7.57
8.47
4.83
6.22
6.42
4.23
5.30
5.03
5.98
3.79
5.72
3.27
5.14
5.73
4.23
2.72
5.13
3.63
5.34
3.85
3.58
