5.10
4.97
5.56
5.01
5.87
5.46
5.61
1.34
5.00
1.62
2.97
4.98
4.57
2.01
2.86
5.49
3.84
5.06
4.18
7.37
5.26
6.01
9.67
1.43
6.30
2.63
6.10
4.45
2.14
3.48
2.99
6.66
4.96
7.46
9.16
3.78
4.26
4.38
3.22
6.14
3.60
4.26
7.98
1.04
4.61
4.83
6.16
5.86
1.51
8.03
4.23
3.57
5.82
3.61
4.45
4.45
6.53
1.71
4.73
5.45
8.67
4.86
4.49
6.19
4.57
2.62
3.65
4.79
2.51
4.93
4.02
0.13
10.4
7.27
2.67
2.71
6.00
6.26
4.30
2.91
5.92
5.91
3.63
3.62
5.80
8.38
5.46
8.83
2.60
5.67
5.22
3.74
7.78
8.14
2.71
6.21
6.67
0.96
1.67
3.12
6.22
4.85
3.04
8.50
5.84
2.12
4.84
5.23
5.47
6.15
6.32
5.50
2.31
1.56
4.13
4.12
1.28
3.73
4.28
6.55
4.77
2.65
5.82
1.96
6.14
8.18
5.58
1.70
7.07
3.53
5.61
2.88
3.16
7.50
6.11
8.36
2.29
6.83
2.29
5.60
4.63
5.34
6.19
6.57
5.55
8.99
6.74
5.98
4.11
5.55
2.91
8.24
2.65
5.84
6.55
0.60
6.39
6.56
4.91
5.52
7.11
3.88
7.30
3.81
1.95
6.59
4.78
4.99
5.04
4.35
7.55
9.17
4.44
8.45
4.70
4.11
5.38
5.84
1.64
6.72
0.39
5.10
2.27
4.17
3.57
3.39
1.13
6.61
4.29
4.63
3.87
2.48
6.12
2.82
7.30
6.92
3.21
6.42
2.85
4.08
3.81
6.36
5.43
2.95
2.31
8.02
1.93
3.07
1.40
6.40
6.46
8.31
6.01
5.76
7.90
6.29
2.87
6.15
3.87
1.48
4.58
8.69
4.18
5.81
7.34
4.18
6.39
4.35
8.78
4.25
5.90
5.07
5.80
4.77
1.37
6.37
5.99
5.79
7.43
6.81
5.79
6.64
5.54
4.94
5.10
3.38
4.17
4.65
6.79
2.25
4.08
2.88
4.39
4.56
1.96
4.45
7.62
2.39
8.23
5.28
2.84
6.20
5.81
5.36
4.24
2.86
7.58
4.77
6.90
6.02
4.25
3.75
4.27
5.58
6.50
10.0
9.97
3.06
4.17
2.85
3.00
5.69
2.63
4.46
4.42
3.52
3.59
3.02
4.66
1.45
1.81
4.10
3.86
5.31
2.72
3.29
7.99
6.65
1.06
7.78
3.19
1.03
5.67
5.16
3.57
1.32
7.14
1.22
2.76
2.42
7.07
2.23
3.07
3.46
4.32
6.01
2.04
6.69
2.39
9.34
3.09
7.12
4.87
4.78
5.36
5.46
7.56
1.47
0.71
2.73
2.22
5.48
6.43
5.14
4.58
7.08
4.06
5.65
4.97
4.19
5.04
3.73
3.55
6.86
3.04
6.04
2.92
4.74
5.08
2.72
3.73
4.13
4.71
2.47
3.66
7.55
4.86
4.35
3.09
3.58
