7.74
8.15
4.51
8.96
6.54
5.43
8.12
6.82
4.72
3.48
3.69
5.82
4.41
4.04
4.44
7.50
3.65
8.01
1.69
8.74
6.06
5.86
2.18
6.58
6.41
5.19
3.70
3.04
8.90
6.76
2.14
5.93
2.34
3.08
8.40
2.63
2.57
2.47
6.01
2.98
7.44
7.84
3.36
4.20
5.57
5.50
4.32
4.69
1.05
3.68
3.61
6.07
1.56
6.56
3.63
5.34
6.06
5.15
4.30
5.61
3.10
6.58
3.45
6.63
9.26
5.05
7.17
3.64
3.83
5.68
6.85
5.61
6.24
2.09
2.96
5.52
4.82
5.08
7.00
4.80
4.91
3.28
6.30
5.88
3.10
7.05
3.11
4.50
2.66
5.18
5.20
6.38
6.49
6.15
2.62
3.03
5.36
8.55
0.81
4.88
9.06
7.90
5.51
4.14
3.50
1.85
7.99
4.49
3.73
5.37
5.99
6.50
2.44
7.14
5.09
6.88
11.4
8.25
6.89
7.08
3.42
2.93
3.44
4.15
2.52
5.00
8.10
4.78
1.04
2.00
3.40
6.56
5.54
4.17
6.33
9.68
4.61
8.62
7.66
4.46
7.46
5.09
7.41
4.88
4.41
6.11
6.21
4.61
3.53
4.22
6.13
5.14
2.98
1.50
2.27
4.42
4.78
9.48
3.63
5.63
4.98
4.72
4.29
4.94
5.26
4.28
3.75
2.75
4.24
7.42
6.91
2.80
6.38
1.22
1.45
6.68
4.95
5.03
6.16
8.13
4.04
3.64
6.05
6.82
1.55
6.04
7.03
6.41
5.08
2.85
5.61
5.88
4.16
4.71
5.54
0.16
4.94
4.81
4.36
8.44
5.43
7.87
4.94
6.57
0.82
2.92
7.12
4.30
6.26
6.06
5.30
6.13
4.97
6.83
4.48
1.60
5.47
3.84
5.74
3.97
7.04
4.52
4.05
5.34
3.95
5.30
5.98
7.18
5.83
4.25
3.77
1.63
5.32
3.56
5.67
5.32
4.09
6.02
2.41
3.86
6.63
5.39
8.35
3.78
4.87
3.74
0.15
1.97
6.80
4.28
5.86
2.46
6.96
7.39
3.71
4.14
4.19
0.74
2.82
1.32
8.72
6.63
2.08
8.14
4.38
6.61
4.72
4.19
3.20
6.49
7.98
7.41
2.14
5.95
4.85
2.02
2.58
3.79
5.84
7.05
3.57
5.45
5.52
2.51
7.60
6.83
4.10
1.65
6.91
7.20
4.09
6.55
4.89
5.38
4.26
4.99
5.07
1.52
5.07
3.91
4.23
1.83
6.84
4.64
9.20
2.93
7.21
5.11
9.61
4.98
5.22
1.62
1.86
3.01
5.73
4.32
8.79
4.73
4.72
6.87
6.18
3.96
8.57
6.23
4.59
3.93
5.88
1.64
9.40
3.99
7.11
5.17
6.24
5.79
4.09
5.30
6.01
2.83
0.82
6.59
5.04
5.93
5.03
4.37
6.60
4.66
3.94
7.80
2.87
6.64
8.22
6.48
4.15
4.83
4.99
2.52
5.19
5.36
5.29
8.06
