0.43
5.77
4.15
3.80
6.92
7.74
6.08
5.80
6.22
5.47
5.52
6.96
6.07
7.26
8.21
5.54
6.54
3.14
2.19
5.16
2.90
4.69
6.08
5.14
6.02
7.78
5.45
6.91
7.30
5.80
4.36
2.90
6.21
3.68
5.80
5.65
2.74
6.26
3.92
3.32
4.88
6.91
6.30
3.13
6.66
2.98
5.26
6.30
6.60
5.58
2.38
4.60
5.33
2.88
0.58
7.49
4.89
10.4
3.74
7.00
4.82
3.38
5.78
5.67
8.37
1.68
6.26
3.00
6.42
3.59
10.0
7.33
3.76
4.27
5.78
6.22
6.34
3.65
5.19
6.72
6.13
2.07
3.99
4.56
5.61
5.78
3.97
4.56
1.02
5.81
3.45
4.67
3.13
9.51
6.65
2.95
4.47
7.92
6.19
5.18
7.32
7.34
5.11
3.98
6.01
1.96
1.16
7.83
4.03
3.37
4.37
4.90
4.78
3.78
6.03
5.66
2.97
5.96
6.02
6.31
4.43
4.13
4.58
5.14
6.15
2.48
3.94
6.10
6.04
8.16
7.12
7.52
4.49
5.60
2.43
1.99
6.57
8.68
6.11
5.05
5.08
5.35
7.27
3.84
7.67
4.41
7.10
7.63
4.53
5.23
1.67
7.52
7.37
6.45
2.66
3.86
3.11
4.49
4.46
4.60
7.32
4.38
7.32
6.94
8.21
4.30
5.74
1.32
7.33
4.03
3.83
3.78
3.95
7.80
2.40
0.66
5.23
5.63
5.26
5.56
3.34
2.50
7.47
6.50
6.81
7.44
9.51
5.98
4.11
4.94
6.88
5.05
6.47
8.41
2.82
2.98
5.59
7.27
5.09
4.41
3.76
2.65
2.14
3.59
3.50
4.95
0.11
6.18
6.59
4.59
6.08
8.98
3.88
3.23
5.32
4.76
2.42
3.22
5.62
5.60
2.11
3.20
2.97
6.67
5.87
3.80
4.46
4.07
2.89
5.47
9.06
3.62
2.63
9.59
5.01
1.70
7.22
3.38
5.22
2.52
4.30
5.16
2.97
6.48
3.39
9.26
8.67
2.71
4.71
5.24
5.31
6.30
6.53
4.58
3.92
2.81
8.89
5.07
6.03
4.15
4.12
2.57
9.14
3.47
7.74
5.37
5.90
5.17
6.15
6.10
7.33
4.27
1.94
3.96
4.69
4.91
2.71
5.57
4.91
2.76
4.17
6.72
9.87
4.84
4.49
5.04
9.14
4.62
5.62
5.61
7.84
4.55
4.89
6.87
1.10
3.52
6.41
1.36
5.34
10.0
4.43
5.08
3.02
0.87
5.45
3.99
4.53
5.67
1.96
2.30
5.61
6.03
1.69
3.40
7.00
2.55
6.52
4.96
6.81
6.60
4.46
4.48
0.64
4.74
2.09
0.74
2.81
5.75
6.08
7.79
2.90
6.03
3.28
6.46
6.32
1.10
8.29
5.40
1.04
4.51
5.94
5.43
1.41
4.88
3.55
1.84
6.81
2.06
7.23
4.99
4.06
3.17
2.61
6.70
3.66
6.85
5.76
2.73
1.00
5.41
