4.90
7.05
4.99
3.49
3.90
5.05
6.33
9.71
3.60
6.20
6.64
4.66
4.56
4.89
6.27
0.92
2.19
3.95
7.60
6.43
7.25
8.80
7.81
8.54
3.47
3.96
4.39
5.63
6.50
1.26
2.46
2.82
6.10
7.17
4.61
5.17
4.36
4.05
7.03
5.57
5.26
0.93
2.24
6.36
7.59
5.03
7.85
5.08
5.01
4.95
5.52
7.44
2.15
3.65
6.60
6.57
4.39
2.85
6.32
2.16
4.45
7.27
5.16
4.62
8.60
5.92
7.87
4.76
4.74
1.51
6.73
7.40
4.20
9.20
2.47
4.19
7.32
1.95
0.75
4.98
7.01
3.90
3.43
4.06
3.73
8.00
5.98
6.79
6.47
6.75
3.85
4.89
8.81
2.80
9.64
3.58
3.16
9.44
3.56
5.18
5.41
6.29
6.97
2.86
3.54
2.51
5.61
3.66
7.31
8.57
1.91
4.00
4.97
7.30
3.51
8.60
8.14
3.07
7.69
2.65
2.40
4.73
5.06
7.85
5.59
6.14
6.06
1.25
8.33
2.66
12.0
5.83
5.35
4.29
8.87
2.48
5.33
3.59
5.16
6.28
4.73
2.21
3.57
2.78
2.38
8.90
2.84
6.11
8.67
3.99
4.97
5.86
8.79
8.04
4.60
5.62
4.84
5.04
4.34
0.81
5.04
3.83
2.84
2.23
5.58
3.31
5.83
4.82
5.65
3.57
8.10
3.59
5.75
6.13
4.97
4.72
5.51
2.99
4.73
1.23
7.53
2.47
3.32
3.06
5.71
5.62
1.72
7.34
0.02
5.05
3.59
5.87
3.64
3.62
5.69
6.53
6.81
6.04
4.44
6.67
5.22
3.04
6.67
4.13
7.07
5.28
6.38
3.60
6.23
0.63
3.07
7.78
0.99
7.14
6.43
5.08
6.18
7.29
5.43
3.29
6.51
4.68
9.69
5.40
5.54
7.30
7.72
7.85
5.86
7.69
2.64
5.75
6.00
4.60
4.83
4.47
5.52
5.73
7.03
7.30
7.92
6.54
4.85
6.68
4.75
2.59
8.04
5.02
4.58
6.53
4.91
5.48
2.06
2.91
4.73
5.80
5.48
3.32
8.13
7.43
2.52
2.95
5.87
6.89
7.02
2.18
3.89
5.91
5.05
7.59
5.54
2.21
5.19
4.15
7.37
6.09
3.75
6.72
3.54
2.96
1.04
5.19
1.80
8.07
6.38
6.05
7.26
3.39
3.01
1.36
1.20
5.38
2.75
8.41
7.56
9.22
5.60
2.45
4.07
3.92
4.02
3.33
4.79
5.95
1.88
4.67
4.76
9.44
4.52
5.55
6.98
3.73
5.66
4.83
9.75
2.31
0.76
5.02
9.73
3.89
6.32
1.65
8.58
3.02
4.70
3.67
6.15
5.12
5.50
3.98
3.12
6.35
5.71
5.02
3.93
6.87
5.97
2.32
6.47
2.23
4.24
4.91
7.14
2.90
4.75
4.89
5.49
5.38
3.60
0.96
4.58
8.05
5.33
3.33
6.61
4.73
3.66
3.06
4.39
5.36
