4.80
6.79
5.28
7.88
2.94
8.90
3.59
10.4
4.52
6.04
3.40
6.34
5.49
6.33
5.80
10.7
3.71
10.1
6.50
7.34
2.93
4.88
4.38
5.23
7.76
8.39
4.98
2.09
5.01
1.77
4.31
2.60
3.60
7.17
6.07
3.09
4.76
3.87
5.00
3.96
5.70
2.08
1.95
6.16
2.29
10.3
2.61
5.14
3.35
4.20
5.82
5.27
4.37
5.22
7.21
6.36
8.12
3.75
5.83
5.31
6.39
1.74
4.29
2.95
0.84
5.23
9.18
4.20
7.27
8.14
3.13
3.26
6.32
8.13
6.83
4.19
3.14
8.01
3.97
2.47
7.16
6.48
2.36
3.12
3.93
4.07
4.08
2.36
4.76
2.91
7.65
6.08
2.97
7.24
1.91
8.65
5.11
7.95
5.53
3.75
5.50
2.48
3.78
5.14
1.73
3.67
2.32
9.33
6.05
3.05
5.61
8.92
1.98
4.49
3.00
3.15
6.18
1.40
3.14
1.32
5.12
2.27
6.58
5.65
8.22
6.53
4.71
8.97
5.87
5.12
6.12
1.28
4.85
6.24
5.53
2.02
3.99
5.04
5.05
2.44
5.85
2.39
3.85
6.97
4.66
6.67
2.96
3.80
8.24
2.79
2.47
2.29
4.35
5.94
5.15
3.94
6.37
1.27
3.74
5.06
7.16
4.98
6.78
3.24
5.04
5.77
3.67
8.37
2.29
3.96
2.65
2.96
2.32
8.94
9.05
5.57
3.75
8.20
2.91
2.90
8.71
5.77
2.67
10.7
5.57
3.13
3.38
3.47
6.16
7.94
2.53
6.43
7.85
6.05
5.14
8.86
5.73
6.11
4.79
4.27
9.30
4.88
5.51
4.22
10.9
6.47
2.08
3.04
2.38
4.87
4.81
6.52
8.26
7.48
2.73
3.26
2.00
2.02
6.04
8.96
5.39
5.22
5.17
6.34
9.33
6.15
1.17
6.72
2.59
4.55
4.29
3.41
4.33
10.2
3.28
5.36
6.81
6.62
2.76
5.94
6.23
7.40
5.84
6.02
4.05
2.99
5.87
6.67
7.09
4.59
5.24
6.06
2.15
5.47
4.47
7.30
6.05
3.60
3.24
7.87
5.36
4.70
2.65
5.60
2.63
4.46
4.93
3.69
7.62
2.81
5.13
4.79
2.96
10.2
3.32
3.85
7.39
7.30
2.36
4.81
3.65
5.71
3.20
6.10
1.32
3.61
8.79
5.28
4.17
2.50
1.71
3.42
5.88
1.63
5.06
4.74
4.18
5.88
6.15
6.67
10.5
3.80
6.84
7.68
4.12
1.39
4.60
4.20
4.36
7.37
10.0
5.92
4.38
2.24
4.23
4.71
5.38
4.65
6.14
2.63
4.16
3.38
8.44
3.25
5.15
4.66
2.84
6.04
4.22
9.50
9.01
7.20
1.92
6.11
4.60
5.34
8.02
7.88
7.73
6.26
5.79
6.18
9.03
2.01
4.51
6.00
6.43
4.54
5.07
7.42
5.17
4.09
10.3
2.00
3.93
4.96
6.72
7.22
4.50
3.84
