7.37
4.19
2.74
3.56
4.77
5.72
2.33
4.08
3.25
7.69
7.32
5.51
4.43
6.53
4.78
5.59
4.94
5.68
4.65
6.69
5.98
5.42
4.89
6.11
8.96
4.49
3.23
8.04
4.79
3.56
2.17
5.62
6.02
4.59
2.85
3.21
5.30
1.19
9.22
9.51
1.81
6.63
4.79
5.58
6.77
10.2
4.40
6.30
6.26
3.49
5.45
8.25
3.75
3.73
1.56
3.69
4.64
3.06
4.65
3.39
5.32
6.46
7.84
1.19
4.49
5.10
2.56
5.09
4.10
2.14
3.46
0.28
6.52
5.90
4.17
7.06
4.68
6.85
4.27
1.56
5.12
6.30
8.88
3.60
4.16
7.88
7.61
1.93
6.09
5.39
4.60
5.77
6.32
6.19
1.84
6.86
4.76
10.9
4.16
8.83
5.27
7.06
8.02
4.92
4.04
5.44
2.08
4.51
2.38
5.37
1.60
7.85
4.11
5.62
5.85
3.91
4.25
6.16
3.91
5.25
6.08
6.01
5.99
4.79
6.25
5.42
6.49
0.62
1.78
4.89
3.75
3.67
3.39
5.30
5.06
5.27
2.48
4.39
2.41
4.32
6.87
3.43
7.79
2.41
6.95
5.69
4.88
4.52
7.29
7.62
6.95
1.28
6.41
7.18
0.81
3.85
3.00
5.18
4.70
4.45
8.39
5.62
7.91
2.13
5.66
7.53
2.44
9.03
7.79
2.83
6.30
6.16
6.52
6.01
7.85
4.69
2.98
3.55
8.81
7.46
3.18
6.81
5.11
3.88
5.95
3.89
6.64
1.53
5.09
4.03
5.72
4.27
4.92
9.69
4.07
2.38
5.35
5.98
3.95
2.45
6.35
3.89
3.04
2.29
3.43
3.81
5.34
4.59
6.47
10.3
5.66
5.79
3.72
3.48
5.19
2.55
7.11
2.69
8.96
6.49
4.63
0.70
3.40
3.92
6.80
3.98
6.49
2.23
1.47
1.19
5.42
3.78
2.72
3.59
5.58
6.36
7.53
3.80
6.21
3.67
5.91
6.90
5.15
4.43
6.50
4.91
6.23
6.75
3.27
5.56
4.75
4.76
8.47
4.20
5.69
6.07
5.54
4.10
5.11
5.37
4.07
2.55
4.59
4.88
7.06
8.28
6.86
7.61
2.21
2.61
2.87
3.99
5.61
5.29
8.35
2.94
5.19
2.52
5.46
4.86
5.10
5.38
2.90
7.78
2.93
7.27
6.51
5.71
3.47
3.09
1.21
3.44
4.61
5.69
6.38
7.01
3.90
7.61
5.36
4.71
7.09
5.11
5.82
5.93
3.30
0.13
4.43
2.14
2.45
6.14
6.86
2.30
3.64
5.01
4.88
4.12
2.43
5.84
9.35
6.75
7.23
2.47
0.63
4.55
3.90
5.86
2.14
6.01
7.90
8.71
1.54
3.70
0.90
5.28
7.33
3.55
3.57
5.98
4.21
4.60
3.37
7.31
6.23
7.08
6.20
4.11
4.74
6.88
5.28
5.49
6.04
1.50
2.50
3.90
0.39
4.28
8.57
3.45
3.87
10.6
