4.97
0.30
4.77
9.11
7.89
4.57
3.83
7.16
6.04
3.11
4.71
1.52
3.63
4.85
4.15
2.72
6.01
5.72
8.26
6.56
7.22
4.55
4.46
5.71
1.43
5.79
5.45
6.25
5.46
1.90
3.42
5.07
7.26
4.92
5.34
6.01
7.79
4.57
5.18
5.93
4.00
5.38
4.30
4.60
4.54
5.79
8.24
2.23
4.10
5.68
8.36
5.14
8.76
5.25
8.61
1.43
5.14
7.23
4.77
3.38
6.95
4.44
4.76
5.45
6.47
6.39
4.89
5.99
4.40
5.84
5.29
4.08
2.60
7.79
4.94
1.23
3.96
10.1
4.74
3.43
2.86
4.91
4.13
5.19
5.88
6.39
2.51
4.18
3.58
6.49
5.03
2.35
3.78
5.99
5.58
4.84
4.14
0.45
5.99
4.56
5.51
4.18
4.50
5.74
4.37
6.05
6.34
5.38
2.84
2.25
5.61
4.94
3.79
1.07
0.99
3.95
4.00
4.22
2.57
5.07
7.10
2.59
4.29
7.22
9.03
4.36
4.31
7.63
6.27
5.25
5.57
2.18
6.96
8.47
7.88
6.12
6.87
6.10
6.53
5.52
3.00
2.66
3.09
0.42
4.78
4.86
5.95
4.49
0.99
0.63
5.95
7.21
4.25
5.53
3.04
9.99
7.40
7.16
4.91
4.97
1.98
8.33
6.02
3.92
1.79
7.80
3.46
5.63
6.61
5.64
3.11
3.35
5.00
2.00
2.14
4.19
1.12
7.39
3.85
8.38
5.15
9.15
6.68
6.64
4.42
3.13
7.05
5.28
5.38
5.10
4.70
2.35
0.41
2.93
6.00
6.46
2.94
6.09
4.27
5.27
6.09
2.22
5.58
6.12
5.25
1.62
5.52
4.36
4.64
3.29
3.23
1.68
7.43
4.90
3.16
6.52
3.84
5.11
2.20
3.32
5.36
4.85
4.50
9.66
6.91
6.02
4.33
6.50
3.11
3.75
6.78
5.58
3.73
4.16
3.80
7.75
3.54
4.64
5.50
4.25
9.12
7.17
6.60
5.45
4.81
4.17
2.42
4.58
7.96
2.88
4.27
1.77
0.21
3.14
8.41
2.14
3.69
5.01
4.15
3.40
8.04
4.77
5.47
4.14
5.52
4.50
8.54
6.18
6.85
7.35
3.95
4.00
6.60
4.22
6.79
3.04
3.70
2.82
3.18
8.62
5.28
6.72
5.32
6.84
0.21
4.19
3.76
4.66
5.51
6.56
3.58
0.43
3.44
6.60
5.77
6.72
10.8
5.08
7.83
7.87
4.45
6.30
3.46
5.97
3.62
3.79
4.16
5.14
8.44
2.94
3.08
6.75
5.40
5.03
4.45
6.61
2.23
4.37
3.15
6.45
3.13
3.96
5.57
4.74
2.37
4.21
6.79
9.09
1.46
7.09
8.72
4.45
4.57
1.99
4.55
5.65
5.80
3.12
2.43
6.24
1.78
1.80
3.64
7.67
4.48
7.29
4.34
6.50
1.16
5.02
5.71
5.20
2.02
1.65
4.62
6.37
5.52
4.13
5.44
6.52
