6.32
6.08
5.07
4.58
4.29
3.57
6.76
4.66
6.18
3.32
0.17
2.46
8.56
7.69
2.96
5.59
5.42
5.53
4.40
7.16
6.89
3.28
3.45
7.81
5.37
8.02
1.95
5.47
5.22
7.08
10.0
5.38
5.42
6.42
5.61
5.40
4.52
6.15
5.45
2.93
4.79
7.38
2.69
5.40
4.47
3.70
5.57
6.53
4.55
1.65
1.96
6.57
8.28
4.99
5.13
6.61
1.81
7.37
5.07
5.02
1.26
9.57
5.65
4.30
2.80
5.12
7.61
6.04
3.07
7.81
3.97
9.15
7.50
5.53
3.59
5.10
5.18
6.61
6.27
7.08
4.64
3.12
3.82
5.70
4.28
8.99
6.39
6.41
5.49
4.39
7.09
5.84
5.08
10.1
8.09
4.83
7.53
6.09
1.92
5.51
3.52
5.65
3.20
7.23
6.47
5.41
6.00
1.86
3.48
4.70
5.04
7.18
6.95
4.74
5.68
5.16
6.08
4.99
5.67
3.78
4.55
7.34
6.57
8.67
7.87
8.44
4.66
4.10
2.13
6.13
5.44
5.08
1.24
5.88
5.08
1.07
5.33
0.63
3.75
7.73
6.22
1.96
1.31
7.30
3.75
5.92
4.73
6.02
4.86
3.46
2.75
3.90
5.06
3.86
2.72
2.59
2.26
2.17
2.86
7.43
11.6
2.38
2.52
5.53
2.49
4.22
7.11
6.64
11.8
5.76
4.98
6.87
4.36
6.28
8.35
5.45
5.34
2.31
3.31
6.34
5.92
4.42
4.22
3.49
5.68
5.92
5.36
0.95
1.95
6.26
8.86
3.99
5.06
3.95
3.63
4.96
7.01
5.46
2.76
3.18
5.75
7.07
7.77
0.98
3.35
1.23
4.73
1.77
4.46
7.86
5.76
5.76
4.26
5.99
2.69
2.07
3.18
4.78
7.88
3.25
3.05
3.51
4.50
4.67
3.91
5.68
6.04
5.16
4.95
7.40
6.86
4.02
6.83
5.06
6.16
3.09
5.49
8.38
6.75
4.60
5.20
5.17
3.22
5.90
4.83
3.57
4.97
4.00
7.60
4.76
3.43
11.1
2.74
5.91
3.51
1.69
5.79
4.82
6.34
7.47
1.79
4.50
4.73
3.46
3.77
7.66
5.46
5.16
2.94
2.07
5.87
5.32
6.11
6.51
4.24
4.64
2.93
8.05
4.98
4.95
1.65
4.97
4.75
5.71
7.07
4.24
5.74
6.81
8.25
2.87
4.81
2.17
6.52
5.23
5.65
3.17
5.02
7.80
2.95
6.55
1.78
1.88
6.61
1.76
4.75
6.32
5.94
10.3
2.82
3.21
6.47
8.58
3.66
5.77
4.44
4.92
8.12
6.27
5.38
6.19
3.16
4.71
4.24
3.69
3.34
4.39
6.16
3.11
3.19
6.93
9.69
5.97
6.32
6.80
4.59
4.76
4.41
4.51
5.29
4.64
8.37
4.08
3.96
3.56
5.20
4.30
7.00
5.37
5.50
9.04
7.06
4.61
6.12
5.79
7.12
7.79
3.95
5.97
5.10
5.79
