7.50
8.38
6.58
3.75
1.78
2.52
1.00
6.59
7.04
10.5
4.51
6.01
3.39
5.35
5.40
5.75
6.79
5.47
4.94
7.00
6.98
7.41
3.63
5.62
3.98
2.92
5.31
3.37
3.84
3.64
6.59
6.38
4.98
5.61
6.41
3.89
4.80
5.22
5.05
1.74
7.95
5.47
3.59
8.55
6.98
4.93
2.64
4.24
2.23
10.4
5.60
5.27
3.43
3.58
3.61
4.17
0.78
3.73
4.03
7.91
8.15
4.76
4.10
6.08
4.90
7.86
2.56
3.39
6.62
3.05
5.89
5.29
3.68
4.50
5.82
4.44
8.11
5.83
4.50
5.60
7.59
4.72
4.25
4.67
6.11
2.84
2.75
3.84
6.19
1.58
5.58
4.90
1.23
7.58
3.95
6.35
5.72
1.63
2.68
3.39
3.41
5.45
4.43
2.70
3.02
1.60
6.42
5.38
2.23
5.59
6.58
5.16
6.48
6.35
1.78
6.69
5.55
6.17
3.52
6.30
3.89
8.24
6.39
5.48
6.57
3.10
6.17
4.78
4.37
8.37
4.64
5.95
6.14
7.50
6.58
10.8
6.63
2.62
3.95
1.93
6.02
5.20
4.28
4.48
3.41
1.88
1.82
5.45
6.77
3.83
3.26
5.55
2.92
4.76
8.52
4.61
8.27
7.00
3.03
5.36
4.43
6.11
7.26
3.48
1.34
6.67
2.31
6.24
5.99
5.04
4.10
5.37
2.73
6.84
7.12
5.64
5.70
6.12
9.10
3.86
6.88
4.27
4.13
5.50
4.43
4.01
3.47
3.23
3.52
3.87
2.04
2.48
7.57
4.99
2.72
1.96
3.69
5.86
6.38
7.86
5.46
3.21
1.72
3.61
4.78
3.53
10.0
2.19
5.37
6.77
6.77
3.80
0.31
7.91
10.5
5.89
6.97
4.38
2.72
9.40
3.94
6.70
6.35
6.20
4.50
4.16
5.68
1.31
2.93
3.50
8.21
5.62
4.71
4.64
9.28
5.21
0.82
8.98
3.86
3.34
3.71
0.29
4.55
7.19
8.24
4.21
1.98
6.31
2.46
7.03
5.87
10.7
4.06
5.77
4.17
5.85
5.31
7.36
6.41
2.49
6.22
4.20
2.62
4.15
5.95
4.77
0.30
6.18
4.42
4.84
3.72
6.62
4.57
2.80
4.31
3.38
2.09
0.83
3.54
6.60
7.38
1.75
6.35
5.25
2.82
6.50
1.93
3.80
9.50
8.05
7.55
4.20
4.22
1.58
4.01
6.77
4.55
8.10
4.71
8.67
8.74
0.32
6.01
5.02
5.55
5.08
3.07
1.61
6.62
8.34
7.40
8.02
4.14
6.05
6.34
6.27
5.64
7.36
4.88
8.58
3.27
8.82
6.24
4.34
8.56
4.86
3.33
3.97
6.48
4.06
4.85
2.37
4.38
2.04
3.35
5.88
5.76
7.02
1.69
6.27
2.86
2.91
5.72
4.93
3.93
2.23
6.38
4.96
2.76
4.87
5.37
5.45
4.96
1.14
7.30
0.05
4.18
4.31
1.19
5.31
