3.49
4.28
6.30
4.90
5.24
0.56
2.95
4.73
6.46
5.38
5.17
5.35
2.41
4.20
4.84
0.53
3.98
5.43
4.32
5.03
5.13
4.63
4.67
6.94
3.17
3.49
5.25
7.92
7.01
4.29
5.60
3.85
6.53
0.91
2.14
4.09
8.65
0.88
4.44
4.83
4.89
3.04
10.1
6.18
7.32
2.65
2.64
6.29
2.58
4.06
7.94
2.32
0.65
0.78
7.18
2.91
5.43
2.95
6.85
5.24
6.71
5.18
1.26
5.66
2.18
5.95
5.96
3.62
7.25
7.79
4.32
3.38
5.53
2.63
11.3
3.26
5.66
4.09
7.83
5.35
7.25
5.36
2.53
3.25
7.45
7.18
4.42
2.32
1.58
2.16
5.59
8.61
8.36
8.35
2.67
5.59
3.17
6.14
6.83
2.16
6.72
4.46
5.84
3.81
4.89
8.12
6.12
4.69
3.32
3.19
9.25
2.43
7.26
4.96
6.52
4.91
5.37
4.24
2.09
3.80
6.29
8.02
0.56
7.36
5.52
5.86
5.48
1.34
4.55
5.61
7.10
5.93
5.38
0.98
2.95
5.95
6.25
7.49
5.52
6.19
7.27
2.24
3.84
5.98
2.18
4.51
3.99
3.47
6.23
6.24
6.41
9.03
2.47
3.94
3.50
6.27
6.72
2.64
3.83
5.49
3.77
2.39
5.92
3.81
9.74
7.51
3.94
7.13
9.63
7.25
7.19
5.28
4.95
6.22
6.88
3.97
3.65
2.90
5.38
0.87
0.21
2.46
3.85
3.66
5.42
4.30
2.75
8.42
4.15
4.89
8.31
5.22
3.66
5.20
3.44
3.90
4.35
6.05
3.39
7.51
7.09
7.39
5.11
5.51
5.21
4.62
3.08
3.22
4.69
4.56
5.65
4.75
3.10
7.54
6.05
2.58
7.45
6.95
7.73
4.85
7.75
4.27
2.85
1.37
4.84
5.90
2.71
6.62
2.08
3.67
3.94
6.42
3.63
5.15
7.40
4.74
7.12
7.11
5.06
6.84
6.55
4.64
5.23
6.06
4.74
5.22
6.14
7.48
7.98
6.93
6.11
8.36
0.40
4.56
4.64
8.20
1.51
0.53
6.25
1.21
2.48
4.66
5.41
7.00
2.98
8.30
2.31
3.63
9.02
7.83
6.27
2.14
4.25
3.66
7.74
3.07
8.58
6.20
7.53
5.95
2.21
7.63
2.33
2.75
0.32
4.74
5.77
5.17
4.33
6.72
2.40
6.31
1.38
4.22
6.93
5.05
6.85
4.14
3.63
8.89
0.03
6.74
5.70
1.73
8.73
2.47
3.88
3.42
2.14
2.68
4.24
2.66
9.32
0.66
3.82
3.77
3.72
6.91
3.68
4.96
4.48
3.10
3.06
5.85
5.83
3.40
8.82
4.06
8.56
5.99
4.41
8.84
4.67
5.83
7.21
0.47
2.13
2.68
5.32
4.78
4.30
4.95
0.98
1.80
4.70
3.98
3.65
7.64
4.51
4.07
4.99
5.44
3.37
2.38
8.78
4.42
5.80
7.02
5.84
9.97
