6.48
5.41
6.44
4.74
2.20
3.99
7.03
3.00
0.51
9.93
6.39
5.95
6.75
6.44
6.58
6.93
2.41
5.93
7.08
5.17
4.60
0.05
7.12
5.80
4.28
1.98
6.20
5.60
4.41
4.18
2.92
4.62
8.57
3.17
6.95
3.41
3.19
2.73
3.34
6.04
3.79
7.34
3.61
3.96
5.11
3.04
6.61
5.08
1.25
4.19
1.02
8.07
5.98
6.32
7.10
3.62
6.08
2.56
8.41
2.06
6.79
3.93
5.35
3.53
5.93
6.56
6.48
7.60
4.11
6.97
1.76
5.52
5.72
6.19
6.62
3.65
2.10
4.54
1.88
4.65
2.12
3.49
4.84
3.48
3.10
4.15
4.99
5.49
7.31
2.17
7.18
1.13
4.01
7.03
2.89
8.45
3.34
7.94
2.82
2.24
7.26
4.99
3.66
4.13
7.42
3.45
8.28
5.51
2.73
4.25
4.80
6.54
2.61
2.77
5.58
2.56
6.03
3.87
8.67
8.45
11.0
7.05
7.45
1.53
5.50
6.51
5.95
9.16
3.05
5.22
2.47
4.62
2.52
7.96
7.20
4.54
4.22
5.80
2.93
6.39
6.98
0.75
2.21
3.75
4.94
7.04
4.53
4.58
5.74
3.96
3.65
0.53
4.78
4.90
2.67
6.15
3.15
7.67
5.07
5.83
6.92
5.37
4.59
6.70
4.08
4.07
2.23
6.23
3.31
0.15
5.79
6.14
1.89
6.45
4.81
3.87
2.55
3.58
3.25
3.00
6.32
4.83
5.05
6.22
4.80
5.28
3.03
4.08
8.67
4.18
5.59
4.66
8.71
6.85
3.12
4.67
8.21
3.45
5.90
2.83
3.82
2.83
2.70
3.56
4.55
0.61
1.53
3.22
6.24
4.19
4.33
4.97
8.13
3.71
3.16
2.94
7.66
6.50
4.74
6.13
4.47
3.05
2.11
2.11
0.33
3.66
3.05
5.60
3.51
4.78
6.12
5.22
0.98
4.31
5.92
3.21
4.07
6.29
2.90
5.11
7.28
4.00
5.88
6.32
7.43
5.47
0.49
5.06
4.55
2.82
3.03
4.29
5.52
2.04
3.25
4.95
3.16
6.48
3.02
4.80
5.17
2.04
3.75
7.40
5.21
6.98
2.81
6.17
4.89
4.02
5.92
6.09
4.58
9.12
2.95
3.09
4.19
2.56
6.64
4.57
4.34
5.56
3.36
5.21
4.62
3.26
3.86
6.77
6.04
4.80
4.63
4.78
8.54
6.23
3.33
2.39
7.24
4.21
3.25
4.36
3.58
3.38
5.52
5.10
5.14
6.83
7.98
1.23
2.77
7.73
3.42
2.99
1.75
4.58
4.65
6.16
4.90
5.61
4.30
4.66
6.35
5.53
7.29
5.62
4.57
4.47
8.20
4.85
1.53
5.27
6.86
5.61
8.34
3.56
4.65
7.00
9.27
8.59
5.71
8.55
7.41
4.01
6.51
3.04
5.93
5.16
4.51
7.47
8.56
6.05
2.78
4.92
4.72
8.31
6.18
5.07
0.89
5.36
3.85
5.72
