1.84
6.41
3.80
2.62
5.97
4.06
2.63
5.12
4.82
3.41
3.75
1.32
2.28
5.66
6.49
2.76
6.78
3.75
0.89
5.55
2.35
6.26
1.39
4.08
10.3
7.78
7.11
7.33
8.57
8.26
3.69
4.36
5.10
9.33
4.30
3.18
6.01
7.30
1.32
4.55
5.82
4.45
6.12
3.32
5.36
4.89
6.55
5.93
3.17
4.17
4.04
6.15
4.88
5.94
4.06
6.64
6.58
9.49
7.68
6.43
6.44
2.25
5.27
5.27
5.58
6.22
2.91
1.38
2.83
5.91
2.82
4.98
3.17
5.13
4.04
2.11
5.03
5.84
3.74
3.13
3.29
6.29
2.16
7.55
5.86
3.55
7.85
8.65
7.40
3.58
3.60
5.31
6.72
3.69
1.35
2.45
2.50
4.06
5.24
5.79
5.22
3.99
6.76
3.76
2.98
3.47
5.29
6.50
4.77
5.02
5.38
3.03
4.96
3.24
1.00
2.76
8.07
6.46
9.04
8.83
5.39
4.21
5.41
5.68
5.28
3.92
5.25
5.22
7.09
6.85
1.96
5.39
3.73
6.94
2.78
4.54
4.57
3.54
3.97
1.76
3.20
5.29
7.24
3.95
4.42
3.57
5.80
6.32
3.39
4.29
7.51
2.16
2.27
5.38
4.01
6.27
4.44
4.18
4.61
3.53
4.29
3.52
3.23
2.97
6.47
6.30
2.48
4.44
2.26
8.25
5.12
4.46
5.87
8.55
8.04
5.82
3.71
1.84
0.64
7.38
8.97
0.83
5.94
3.42
5.14
3.36
0.34
4.04
3.18
5.15
6.14
4.95
6.00
1.79
6.54
2.89
5.08
5.41
2.19
7.23
7.42
4.71
3.15
3.57
6.32
2.85
4.42
9.03
9.43
5.05
4.88
2.53
5.32
5.71
2.60
4.21
5.42
6.27
6.00
6.11
6.99
4.87
3.54
4.91
3.49
2.47
0.98
6.09
2.07
2.45
5.49
2.55
3.67
3.10
3.37
9.55
3.99
7.11
4.51
8.14
6.08
6.34
2.19
4.65
3.27
4.92
8.50
2.88
4.94
5.98
5.01
1.72
9.12
2.22
1.55
6.40
5.20
0.71
3.89
2.48
3.67
5.39
4.27
4.68
2.93
2.10
2.08
3.39
5.57
4.81
0.93
5.76
6.10
3.56
4.33
5.24
3.40
2.70
5.78
3.54
4.82
6.85
8.33
8.36
2.95
8.91
3.42
8.21
7.18
6.88
8.00
2.59
5.98
4.28
5.42
5.47
6.23
4.56
4.23
2.56
3.35
4.18
6.38
8.69
5.74
3.54
3.42
2.98
4.41
4.70
6.77
8.91
2.73
8.30
3.18
4.10
6.00
3.87
8.78
5.50
6.16
4.70
7.08
5.14
5.54
3.44
4.59
3.42
6.86
3.70
2.85
2.83
5.84
8.01
4.81
4.72
6.24
5.29
4.89
5.95
5.21
4.80
5.07
6.63
3.68
5.47
4.39
5.56
2.76
5.83
3.94
6.14
2.11
5.07
4.07
3.79
6.58
2.99
1.06
4.57
