6.12
6.75
4.74
4.65
8.60
5.46
4.60
4.72
3.79
3.86
5.77
5.78
4.84
4.55
2.54
6.15
4.00
3.58
4.33
5.24
5.88
6.47
1.84
3.22
7.32
2.78
7.61
3.62
4.30
7.75
6.67
3.45
6.35
9.06
4.20
6.27
6.62
4.73
4.54
5.16
2.34
2.45
4.99
8.16
4.92
7.07
3.69
4.06
3.69
4.23
5.66
6.24
4.93
6.48
4.59
5.91
3.20
6.65
9.07
3.58
5.61
5.74
5.00
6.49
3.04
4.95
6.89
9.73
2.24
6.34
6.48
5.60
4.07
4.86
6.68
4.21
3.48
4.89
4.81
7.87
6.08
5.02
4.05
9.53
4.77
2.05
4.62
6.51
4.96
1.73
6.49
4.46
3.84
3.82
5.83
1.94
6.83
6.63
5.53
3.07
3.86
3.02
6.70
4.95
5.98
7.01
6.51
6.06
7.03
4.07
5.63
3.95
5.85
2.02
5.50
3.48
5.03
3.62
5.34
3.59
5.45
3.93
5.27
3.31
4.61
6.69
5.84
3.06
3.50
3.27
4.25
5.71
1.87
3.81
6.89
3.72
2.72
6.02
5.90
3.42
10.1
7.78
7.67
3.63
5.49
3.89
3.54
3.11
6.53
3.77
7.10
3.42
5.29
7.91
6.42
5.73
5.70
4.82
7.03
7.00
4.97
5.84
7.37
6.57
5.58
10.9
7.02
1.20
1.83
3.65
5.84
3.78
6.99
5.53
6.12
6.62
4.62
4.22
5.14
4.87
4.63
10.6
4.98
5.11
1.68
6.83
5.42
4.50
5.71
4.75
4.31
7.11
4.82
3.80
3.31
7.17
3.76
7.21
4.27
3.17
7.84
3.19
3.10
4.61
4.33
5.73
2.25
0.28
5.21
3.53
4.62
3.93
8.25
3.22
5.35
7.51
8.23
8.18
0.77
4.53
2.96
0.81
1.26
6.21
3.73
7.65
0.10
5.52
2.97
2.85
5.49
1.65
5.16
4.41
9.09
5.60
3.11
1.49
3.80
1.49
7.29
4.23
7.63
3.11
7.03
5.79
3.89
3.60
7.13
5.58
2.32
3.33
5.33
2.41
0.78
4.06
7.48
4.13
4.19
6.52
2.98
7.38
4.42
1.37
2.70
2.84
3.49
4.60
6.88
3.81
7.14
7.89
5.61
5.06
6.33
6.97
5.80
4.07
6.04
4.60
1.25
6.27
4.99
8.01
4.55
5.07
12.5
4.32
5.75
1.37
7.41
5.61
3.53
7.07
3.27
4.70
3.00
4.62
4.83
3.27
5.30
4.06
4.01
8.54
4.60
5.44
5.96
2.48
4.83
10.3
4.53
7.25
6.02
2.21
4.22
7.59
1.45
8.65
6.10
4.24
5.68
5.34
1.53
5.65
5.39
6.05
3.91
2.87
2.68
0.23
5.39
8.27
6.89
6.87
7.84
6.60
4.20
5.35
3.38
2.24
4.14
6.18
6.87
6.16
5.82
4.77
2.49
6.37
5.13
0.71
3.01
2.23
10.7
6.83
8.74
4.79
7.05
2.67
1.56
6.36
