6.67
5.06
2.97
5.44
5.65
5.55
6.12
2.45
7.91
9.11
5.25
5.51
4.22
7.99
7.04
6.52
2.57
6.42
4.11
4.82
5.56
2.76
3.76
3.59
3.37
1.97
0.51
5.33
4.40
4.19
5.54
6.95
3.97
4.51
6.23
3.21
6.30
3.66
3.50
5.22
2.61
8.03
8.92
4.25
2.54
6.62
2.58
4.46
2.84
3.39
5.08
4.13
6.81
8.52
5.56
5.16
2.18
4.72
4.72
7.43
6.52
8.67
4.33
8.09
6.49
3.90
2.01
3.55
6.50
5.65
3.05
7.71
5.63
6.37
4.64
4.76
3.23
3.20
2.26
4.66
4.56
2.99
5.30
4.17
3.49
4.69
8.92
6.80
6.70
4.09
5.21
3.65
9.33
6.70
2.60
6.63
1.70
3.89
1.72
6.82
8.94
7.08
7.46
4.16
7.83
7.21
5.92
6.90
1.95
4.43
4.71
4.98
4.13
7.58
3.48
6.30
6.15
6.00
5.58
6.76
3.45
7.97
2.82
7.72
6.93
3.14
4.44
4.40
2.90
1.87
3.63
3.42
6.89
4.37
7.37
4.39
5.44
2.68
4.67
5.39
2.78
4.64
3.14
3.86
6.40
7.28
7.40
1.25
3.09
4.94
2.33
4.76
2.38
4.64
6.10
2.71
6.70
7.52
4.30
4.46
7.01
5.83
6.84
3.54
6.17
5.26
4.97
4.27
5.69
4.88
8.04
1.64
8.01
5.06
6.07
3.86
5.33
7.01
9.09
3.98
3.42
1.79
1.93
2.37
3.41
4.15
3.49
1.36
3.87
4.93
8.22
2.70
2.51
5.48
5.03
4.93
5.26
2.80
0.93
3.43
2.87
5.19
3.21
4.06
0.55
5.65
1.68
3.49
4.13
8.52
7.83
4.52
2.25
3.59
2.35
6.17
5.44
3.76
3.43
2.89
6.20
5.40
2.72
6.01
4.23
2.70
4.25
4.92
5.43
9.10
2.26
1.98
5.86
3.34
6.03
4.62
5.26
7.42
2.78
4.17
4.84
2.35
7.44
2.75
3.93
4.25
4.03
1.86
1.92
2.09
4.40
3.85
3.15
7.42
6.90
6.72
2.43
8.26
5.44
8.44
1.00
6.12
5.26
4.91
1.79
4.56
7.94
5.00
4.62
2.28
3.33
3.36
6.61
3.28
2.84
5.43
2.59
3.50
4.60
5.40
6.06
0.77
3.51
4.11
6.25
6.28
4.95
5.36
6.51
6.56
2.19
7.26
3.37
5.75
6.83
4.22
7.84
5.42
8.49
5.42
4.17
5.18
3.10
5.78
3.48
2.20
5.84
4.68
5.72
5.74
8.52
6.67
3.79
6.79
7.72
7.47
2.88
3.88
3.40
1.82
4.87
3.39
7.54
6.03
7.59
7.18
2.19
3.46
3.79
3.75
7.23
3.67
7.07
5.31
5.55
2.67
5.68
3.39
3.29
4.94
4.37
0.42
4.58
7.36
4.91
5.76
8.93
4.46
4.37
8.72
3.46
1.33
5.98
5.92
4.23
7.39
1.88
8.60
4.16
5.45
