3.81
8.67
4.97
5.96
6.28
4.55
2.69
4.38
7.97
4.16
3.65
4.39
6.04
5.41
6.02
5.26
4.81
4.64
1.82
6.88
4.48
0.06
6.60
2.22
7.59
8.65
3.12
6.78
1.90
6.39
6.02
3.76
4.65
6.78
3.03
5.26
5.52
5.63
4.60
5.63
6.69
5.94
6.39
7.72
5.63
3.54
2.17
7.91
5.31
6.83
7.72
6.84
7.59
2.00
6.56
5.01
4.31
4.03
4.55
5.87
9.24
3.04
5.51
6.78
4.04
7.00
5.47
8.86
6.08
3.27
5.30
0.02
5.84
4.33
3.53
6.50
1.50
3.49
4.86
6.16
9.41
6.44
5.48
4.37
3.57
4.22
5.06
5.91
5.96
4.34
4.65
3.02
9.09
3.79
5.36
6.45
4.47
3.55
3.84
3.83
6.51
7.67
3.73
2.18
8.47
5.12
3.28
7.72
5.75
4.78
4.56
4.40
5.16
8.20
7.36
8.86
3.74
1.61
5.69
5.22
7.71
6.78
5.65
4.95
5.75
4.96
5.43
6.69
1.59
4.14
3.99
8.28
7.67
3.72
4.39
3.98
4.58
3.39
6.70
3.02
5.36
3.86
2.97
7.02
3.75
4.11
6.77
7.73
4.94
3.36
3.94
7.86
6.66
7.63
1.67
5.69
1.45
3.91
4.46
8.61
8.89
6.28
4.47
1.24
6.23
5.16
3.21
4.97
2.97
6.22
6.40
4.65
5.09
2.53
5.82
3.72
2.13
0.30
1.73
7.94
3.32
4.76
6.08
5.75
3.26
3.11
2.76
4.72
3.78
2.84
3.16
2.59
5.82
6.12
6.76
1.30
6.02
5.09
4.25
3.27
5.88
6.03
8.27
3.67
5.79
8.92
5.36
4.50
2.53
6.30
3.50
4.97
3.07
6.33
6.02
4.57
7.23
3.28
6.26
9.54
3.76
6.40
3.39
6.74
7.07
8.37
3.44
6.45
9.30
0.50
5.65
6.02
2.43
5.18
5.69
5.35
4.01
2.23
6.30
3.92
0.69
3.48
6.64
3.26
4.55
6.86
6.01
7.11
10.6
5.05
0.40
9.28
3.71
1.70
5.51
6.51
6.90
2.72
9.19
4.77
3.72
4.68
8.11
6.61
3.93
7.30
6.69
1.77
7.43
8.10
5.89
5.33
0.91
4.57
4.78
1.95
5.09
5.16
7.11
5.32
5.61
5.25
2.35
6.85
7.65
4.13
4.68
0.71
3.09
4.47
6.29
7.14
7.53
3.38
5.49
0.15
0.47
5.56
6.38
3.57
1.60
4.90
5.85
5.89
4.93
5.40
4.81
7.20
6.66
6.41
3.68
6.84
2.97
3.51
2.22
5.14
5.31
3.45
5.35
7.98
5.03
4.86
4.00
5.55
3.43
8.36
1.62
3.54
2.93
4.86
6.64
6.13
5.66
4.91
4.41
1.59
8.57
6.12
3.12
5.62
4.27
1.08
7.14
9.72
8.85
3.00
4.78
7.51
5.45
6.00
3.37
8.36
7.43
6.28
5.22
7.55
6.98
1.11
6.00
4.14
