6.50
4.98
4.70
7.17
5.29
3.83
5.00
5.12
5.98
7.38
7.05
5.91
6.11
4.55
5.36
6.08
10.6
2.59
5.05
2.68
3.74
6.42
6.85
6.07
8.08
5.71
6.25
1.35
2.21
4.76
5.53
7.21
6.76
3.66
5.87
3.90
1.80
3.36
3.80
4.45
8.18
2.50
4.21
5.02
4.05
2.04
2.43
8.29
4.91
3.57
6.17
5.33
3.75
7.13
5.95
5.77
5.92
6.82
3.84
6.60
8.18
9.63
6.11
3.58
4.80
3.99
1.01
6.68
3.94
5.18
6.33
4.94
4.51
8.46
9.33
4.58
4.70
6.01
7.05
4.33
3.35
7.13
4.95
1.09
5.25
6.02
3.82
3.68
3.83
4.65
4.87
6.63
9.27
5.55
4.41
4.45
2.82
5.92
5.74
3.47
7.36
1.92
4.46
3.41
6.93
3.86
6.18
7.11
5.71
6.39
5.00
10.1
4.31
4.46
5.40
7.20
5.37
5.65
8.99
4.33
8.62
3.12
5.40
6.16
0.25
5.19
6.71
3.17
3.62
1.56
3.19
3.94
3.52
3.91
8.90
3.18
7.83
2.69
2.70
3.69
5.29
6.34
4.45
5.73
3.48
2.52
3.84
8.32
0.48
6.95
5.45
2.52
4.39
3.46
6.99
9.08
6.63
3.11
2.87
3.74
4.97
4.77
1.31
7.00
4.85
5.36
6.54
7.54
5.08
8.82
1.57
4.40
7.58
3.80
5.35
5.28
2.86
6.19
3.33
8.62
5.39
7.26
6.94
2.54
2.65
1.99
3.19
7.77
6.44
5.65
8.07
4.74
2.97
8.16
6.41
1.54
6.02
8.67
6.63
4.83
5.03
5.30
3.39
3.96
5.68
3.55
4.03
8.80
6.20
5.14
7.78
9.57
5.40
3.94
8.07
3.84
7.91
7.17
4.25
4.72
6.79
4.44
3.48
6.07
7.19
3.46
7.20
8.01
5.86
10.9
2.81
5.76
6.28
6.14
3.33
8.07
3.75
1.58
3.39
7.77
5.59
3.04
6.35
4.99
6.01
5.86
2.10
1.92
5.11
5.74
2.40
4.38
6.18
8.96
4.83
3.96
9.20
6.12
5.46
10.1
4.21
3.03
4.84
5.79
2.39
6.15
4.53
3.35
5.79
3.06
4.41
7.59
3.48
5.38
5.09
7.36
6.41
1.72
5.88
10.5
1.72
6.43
4.95
1.76
5.20
7.46
4.57
2.33
7.43
6.78
3.88
6.00
7.74
5.68
4.72
4.79
6.15
4.90
5.98
6.35
4.40
8.23
3.13
5.76
2.72
8.65
4.64
8.87
5.98
4.86
6.82
5.39
8.19
3.96
5.35
4.38
4.03
6.28
2.48
1.81
6.94
7.12
9.30
6.60
8.04
3.68
5.76
2.84
4.88
4.82
5.30
5.82
6.32
4.68
6.35
6.70
4.75
4.60
4.14
5.15
3.27
6.89
8.86
4.36
4.09
7.02
3.41
3.94
3.47
2.80
4.55
2.79
7.11
9.92
5.10
9.44
2.63
6.21
3.86
5.11
