7.71
7.95
3.34
6.57
3.52
5.61
7.24
3.24
3.48
6.16
2.06
1.36
2.16
6.37
6.33
3.53
5.05
5.05
2.23
7.03
4.49
6.14
2.36
7.59
7.60
5.14
6.93
5.16
5.29
7.94
1.84
4.33
7.79
2.44
3.72
6.87
4.68
7.95
4.62
4.63
3.49
7.24
5.52
7.89
6.21
9.06
6.70
2.21
4.93
7.05
6.67
4.27
7.18
5.88
3.08
8.10
6.83
3.84
5.00
3.41
3.21
3.28
7.71
5.08
5.19
8.38
3.28
8.96
4.77
3.65
2.36
4.85
4.75
3.13
8.20
6.21
4.60
4.58
0.42
4.66
3.67
6.51
2.79
4.39
4.88
5.57
1.19
6.20
4.40
3.91
9.66
5.78
6.48
7.60
4.75
9.24
2.88
6.41
5.58
2.95
6.44
1.26
6.65
5.17
5.84
5.82
2.68
5.54
6.28
4.42
6.92
5.89
3.75
4.07
0.58
7.08
2.12
6.70
4.59
0.19
5.65
3.09
3.81
6.42
8.96
3.58
3.92
9.22
4.58
5.06
4.38
3.70
3.64
4.29
2.84
5.65
8.06
7.86
2.77
4.68
0.68
2.09
4.54
3.74
5.56
4.56
3.92
3.72
3.64
2.70
1.42
4.84
2.06
6.18
6.93
2.37
1.23
4.87
2.21
4.92
4.75
5.14
5.01
1.08
1.42
4.84
4.61
4.09
2.13
4.39
4.45
2.72
6.16
4.13
9.19
1.73
6.65
4.75
5.67
4.42
6.14
4.97
5.75
4.97
4.19
3.78
2.90
1.99
8.41
6.90
2.75
4.94
5.53
3.52
7.23
4.01
6.23
6.38
3.70
5.82
5.54
5.65
5.39
5.92
3.38
3.06
2.93
3.06
4.34
7.57
4.90
3.37
8.49
6.12
3.40
6.84
10.1
4.66
7.64
2.48
3.16
1.62
0.18
6.42
10.1
0.35
1.07
4.84
1.59
6.63
3.64
9.33
3.75
3.78
2.66
8.52
8.72
3.51
4.96
3.02
5.60
3.57
5.08
4.91
5.71
4.98
5.90
5.02
3.04
2.58
4.12
6.26
5.79
5.06
3.98
2.62
7.32
6.51
3.46
2.73
1.91
4.02
2.63
5.40
6.06
1.90
1.71
5.56
7.90
4.38
5.30
3.52
8.53
5.12
4.30
5.67
4.94
5.31
3.75
4.31
5.21
3.86
9.01
7.96
2.82
1.26
6.09
4.21
4.31
5.37
5.12
6.59
6.77
3.28
7.02
8.86
4.47
3.16
4.74
3.55
6.73
2.56
2.76
1.69
6.74
5.02
1.97
1.70
3.29
5.40
3.35
3.23
8.95
7.26
4.76
6.86
0.92
3.03
6.68
6.25
5.81
6.69
6.83
7.15
8.91
4.25
5.29
6.85
0.80
7.94
5.34
1.16
6.04
6.56
8.29
4.88
5.61
7.18
4.43
4.62
8.67
5.75
5.52
5.47
3.83
3.92
8.46
4.53
2.53
4.21
4.02
4.15
6.37
4.50
2.09
2.75
7.21
7.41
7.90
5.47
