2.31
4.76
3.30
1.92
1.86
8.40
7.86
3.27
2.98
8.90
4.07
4.52
8.88
7.86
4.01
5.89
2.94
6.57
0.80
4.99
3.59
2.73
3.06
3.86
2.47
7.52
6.41
7.42
4.96
5.83
4.45
2.70
4.55
4.59
2.39
6.34
6.69
2.81
3.42
8.55
1.51
6.26
4.10
9.14
6.60
7.30
3.08
5.92
5.12
5.71
6.64
6.75
4.49
4.03
4.01
4.86
3.73
4.48
6.41
4.50
5.67
3.22
4.34
1.58
4.41
4.35
3.22
6.79
8.28
7.27
5.40
7.19
4.99
3.59
5.02
3.81
3.51
7.45
2.26
4.47
3.74
5.82
5.07
4.33
4.37
2.97
2.89
4.71
6.43
4.70
2.85
1.89
4.66
4.11
1.71
6.43
7.25
3.29
3.18
6.97
7.52
2.76
5.98
4.87
2.30
6.34
6.28
3.30
7.51
5.42
0.89
5.76
2.89
5.67
9.14
7.91
7.13
3.36
9.23
2.45
4.78
4.74
2.12
3.45
5.08
1.92
3.95
7.40
2.46
6.40
5.35
1.60
0.46
4.54
5.28
8.03
6.54
5.66
7.32
5.12
3.46
5.51
5.49
8.25
3.38
8.84
7.32
6.24
2.16
4.19
6.66
4.30
2.97
2.51
4.89
5.11
6.43
4.23
7.35
9.61
2.43
5.60
3.25
5.11
2.30
6.65
4.53
2.57
5.85
5.37
6.13
3.73
6.20
6.34
2.29
5.85
1.21
7.74
2.46
1.86
3.64
4.55
4.77
4.98
6.81
5.04
3.82
1.99
6.81
5.23
5.64
3.78
5.77
4.68
3.87
4.33
6.52
5.69
1.51
4.97
5.98
6.86
3.02
3.82
5.93
1.19
4.44
3.98
1.51
1.47
3.89
5.93
5.36
5.98
9.45
5.28
2.39
9.23
4.82
6.17
9.18
6.02
3.41
7.76
6.38
3.98
5.48
7.31
4.72
2.87
0.64
4.11
6.66
6.14
5.91
4.30
5.95
9.76
7.57
4.82
3.56
4.69
3.53
6.36
5.15
6.88
6.03
8.69
4.72
5.59
2.99
6.35
4.51
3.86
5.77
0.74
6.41
8.64
3.02
6.96
2.41
4.49
5.21
2.48
4.59
5.49
5.24
5.19
2.21
3.80
10.1
6.23
4.46
8.82
7.12
2.86
6.43
4.72
4.16
8.70
6.64
2.91
5.15
8.99
6.85
5.00
4.68
3.82
1.35
6.88
4.89
6.11
5.09
6.57
1.25
7.25
6.21
4.11
4.56
4.73
1.83
6.54
6.18
7.99
3.60
2.25
3.28
4.68
7.24
3.14
7.93
7.92
6.39
3.25
8.83
3.83
9.12
4.44
6.40
1.83
9.09
5.57
2.57
5.55
4.41
6.27
6.04
5.52
5.24
6.84
8.63
9.41
2.77
5.18
4.66
5.32
9.29
5.15
4.22
3.60
3.62
5.36
5.76
8.55
3.33
7.51
7.68
6.18
7.49
3.98
6.64
7.50
6.30
2.36
5.17
4.52
6.67
2.42
5.38
5.41
