2.86
6.67
3.53
1.20
3.81
6.08
3.44
4.49
6.55
4.64
3.48
5.16
5.34
4.99
6.61
5.73
7.43
5.29
5.03
4.91
3.43
5.72
8.42
5.95
3.05
5.64
4.55
6.49
6.15
5.32
5.22
4.91
7.43
3.05
5.04
2.12
5.25
6.72
3.30
3.19
4.83
4.66
5.66
5.51
7.13
2.09
0.68
2.68
3.36
7.09
6.70
2.44
7.03
7.13
4.51
3.52
3.26
5.14
6.71
2.61
5.51
11.2
0.77
3.29
8.28
8.17
2.83
4.39
6.13
6.74
3.64
4.51
5.34
9.48
3.86
3.13
4.26
4.19
3.43
6.22
7.18
4.17
3.14
4.52
6.09
5.39
4.79
4.59
6.18
4.46
3.31
5.02
6.01
8.90
6.39
8.69
4.83
6.50
6.96
3.82
5.84
6.12
5.69
5.85
2.15
3.81
1.75
4.83
3.79
1.30
3.39
4.81
5.87
7.00
4.62
8.12
6.56
3.47
4.81
4.92
7.55
5.61
4.13
1.69
3.89
6.72
3.89
4.55
1.26
2.07
5.21
5.54
5.41
5.22
0.76
3.69
5.67
8.16
9.97
2.53
3.02
5.87
5.43
5.75
6.40
6.14
1.91
1.55
7.41
8.05
2.47
7.91
3.10
4.05
4.03
3.78
6.75
7.94
3.08
5.28
6.95
4.59
4.91
5.69
3.50
5.61
4.75
3.86
6.82
3.09
2.32
4.12
4.14
6.03
5.74
5.28
4.24
7.09
4.66
9.22
4.07
2.31
4.97
3.56
8.10
2.94
5.57
4.18
2.59
6.21
3.23
3.58
7.54
3.43
3.06
5.43
5.17
7.28
3.86
2.21
1.73
6.29
4.08
3.36
5.09
1.89
6.52
4.44
3.87
7.54
6.57
4.59
1.53
4.45
4.82
2.26
2.38
3.40
4.02
4.37
1.48
3.13
5.01
4.90
5.10
3.96
6.06
6.35
4.96
3.75
3.77
3.42
6.12
4.20
4.95
2.84
6.48
7.71
3.97
4.79
2.67
7.13
3.42
4.05
7.08
3.97
6.11
2.40
5.06
2.78
2.61
6.99
7.54
4.05
8.74
6.73
4.67
4.85
5.74
3.13
7.73
4.38
7.64
5.67
4.80
6.54
2.90
7.94
3.84
4.30
3.03
4.23
3.35
5.54
5.27
2.84
7.54
7.29
4.61
3.96
2.04
4.12
2.28
5.44
4.35
6.12
7.06
4.27
8.34
7.05
5.00
2.60
4.72
6.86
3.36
4.98
8.29
10.4
6.07
1.05
4.18
7.32
4.66
6.39
3.71
2.85
5.76
3.18
5.46
4.03
6.91
4.86
2.47
8.45
2.52
2.99
7.75
4.31
4.26
6.43
5.66
6.48
5.49
1.87
9.12
1.91
4.66
3.15
7.24
2.80
5.49
1.53
6.06
3.86
7.35
2.17
5.60
7.83
4.86
5.96
8.50
4.71
1.91
1.10
0.61
2.53
4.12
1.93
4.09
8.87
3.80
7.00
8.03
5.94
0.71
6.28
4.57
2.34
2.72
0.79
