4.54
2.03
6.87
6.61
8.60
6.93
3.45
2.68
6.10
3.29
5.66
2.99
1.15
1.73
5.58
7.07
4.43
5.33
8.05
5.14
5.77
5.70
5.19
9.24
3.01
5.13
2.65
3.92
5.52
4.96
5.15
9.75
7.70
0.97
0.41
6.75
7.04
4.16
5.38
5.85
6.74
6.14
10.7
7.73
3.44
2.99
3.63
6.35
2.10
5.07
5.22
5.91
3.18
2.76
6.78
7.92
7.14
4.51
4.60
3.62
4.34
6.13
3.01
5.04
6.12
0.20
8.02
6.01
8.14
2.50
0.43
5.80
5.07
3.71
2.84
9.99
3.33
7.40
4.79
4.10
7.18
5.85
3.04
2.92
4.83
7.32
2.40
8.81
5.56
2.06
3.62
3.67
1.02
1.39
3.06
5.10
4.79
1.99
3.84
5.59
4.54
3.54
8.60
1.94
3.33
7.50
5.95
2.89
6.14
2.55
4.91
6.70
5.29
4.65
3.96
6.44
5.49
9.49
3.86
6.17
8.66
4.87
2.60
3.34
4.18
7.76
3.79
1.21
8.30
5.28
5.29
6.93
4.85
1.85
3.99
3.40
4.80
6.05
1.88
3.32
4.04
4.11
4.74
11.4
7.57
3.56
1.74
4.59
5.54
8.08
3.28
4.39
5.50
5.91
4.41
4.31
7.00
3.72
4.57
6.10
8.18
2.74
0.69
4.74
1.95
5.15
8.49
1.66
7.11
7.37
4.16
5.76
5.62
1.74
6.38
4.75
2.35
4.31
3.12
7.37
4.37
7.83
2.92
1.34
2.41
7.80
4.54
6.67
5.09
5.23
8.62
2.56
2.40
0.81
6.94
3.95
7.16
9.05
8.91
8.78
3.00
1.39
6.04
4.60
5.76
4.20
0.19
7.61
6.09
7.27
6.95
6.35
3.68
2.70
6.95
7.63
7.64
5.11
5.66
9.17
4.30
4.27
7.15
4.47
5.13
5.84
6.07
7.56
7.35
3.74
5.81
7.12
2.49
5.40
5.73
7.46
4.00
4.72
4.49
3.47
2.74
3.84
3.62
3.63
4.65
4.43
5.97
5.38
4.61
5.92
1.56
8.22
2.19
3.20
2.87
8.96
4.12
3.30
7.39
4.54
2.85
5.71
6.28
4.30
3.68
7.21
3.23
0.96
6.16
2.03
7.28
2.77
3.65
4.17
3.05
6.74
6.48
4.27
1.27
7.88
4.09
6.97
6.45
7.32
6.83
1.15
5.69
3.55
4.47
8.53
8.67
6.91
5.21
3.73
7.99
5.97
6.55
5.82
4.84
6.74
2.53
5.01
2.98
3.85
2.70
4.84
7.51
4.40
5.28
6.59
7.25
5.66
3.33
3.56
8.04
2.34
7.65
3.78
8.97
4.90
3.16
6.12
4.87
3.27
8.33
3.72
3.98
7.38
6.36
4.12
7.55
3.34
7.21
3.79
3.68
1.96
6.22
3.12
2.39
4.08
6.03
5.12
3.89
5.79
2.77
5.67
6.03
3.88
3.20
7.34
1.57
1.62
5.01
5.56
6.53
4.86
2.98
1.88
5.09
3.46
