4.99
6.34
6.50
3.88
3.27
4.97
4.39
5.35
8.26
7.72
5.04
2.77
4.06
4.79
4.82
7.10
6.79
3.50
4.01
5.74
5.93
4.19
2.11
3.99
4.40
5.25
8.03
3.35
4.68
4.73
3.43
3.51
4.36
1.83
5.96
6.34
4.72
3.26
2.79
3.95
7.15
8.12
2.87
6.75
3.10
6.17
9.66
4.07
6.51
9.85
6.80
3.07
5.03
6.06
2.82
3.50
5.06
10.2
1.96
3.64
4.72
2.60
4.83
3.34
3.33
4.70
7.37
4.17
1.83
1.23
2.36
4.60
3.31
6.78
6.88
3.95
5.37
7.10
3.15
6.54
5.64
4.70
4.42
0.02
4.76
5.93
6.34
5.95
5.86
5.15
8.22
4.44
5.31
6.02
3.37
5.92
4.24
4.69
4.94
2.94
5.35
8.64
3.77
3.10
2.92
3.37
6.90
3.79
8.23
6.25
5.26
4.72
6.87
7.14
5.50
6.91
6.10
7.83
1.95
5.84
7.66
10.8
6.27
7.93
2.26
5.53
5.22
2.65
4.36
5.96
4.49
1.15
5.97
0.54
2.73
4.40
3.52
1.90
8.00
6.22
5.43
5.94
6.72
3.84
2.42
3.84
7.69
2.95
6.04
2.03
5.21
9.32
5.69
7.68
3.85
5.84
7.20
0.96
0.36
5.51
5.98
3.65
4.74
3.50
11.1
4.44
2.72
5.52
4.97
3.23
7.26
6.93
2.30
8.06
6.37
4.90
6.62
6.75
8.43
5.76
5.19
7.76
6.21
6.01
5.23
4.10
5.35
4.88
5.46
5.57
3.83
5.55
6.36
3.66
5.57
3.66
1.94
2.21
4.55
0.96
3.21
5.32
6.06
2.17
4.13
6.06
4.44
4.69
5.65
5.98
2.36
2.76
3.69
4.60
5.27
3.92
7.03
1.57
5.57
2.13
7.33
4.47
5.74
4.98
2.05
6.06
4.63
4.84
8.08
3.96
7.47
4.66
8.09
0.78
1.91
7.05
8.44
5.04
3.54
6.47
3.87
5.65
6.61
4.19
4.69
0.82
1.39
1.05
6.34
7.98
4.42
3.95
4.37
3.72
8.12
9.32
5.10
4.91
4.70
3.23
0.25
5.97
5.49
7.77
1.58
5.82
5.81
8.57
4.80
4.22
6.25
2.98
5.61
4.33
3.79
4.06
5.84
7.70
3.88
6.33
2.77
1.70
8.08
3.84
7.60
5.15
10.1
2.47
0.87
2.92
3.39
2.83
5.78
4.79
3.33
5.89
8.99
4.31
3.10
1.47
8.27
7.97
3.61
6.35
8.89
7.31
10.1
5.80
5.56
3.25
5.19
5.19
4.86
3.53
3.68
7.16
5.86
4.36
5.41
3.63
5.45
5.20
3.45
5.41
5.70
1.19
5.26
7.06
7.37
3.94
5.54
6.16
6.01
5.29
3.71
7.48
9.58
5.98
3.34
6.32
7.64
3.88
4.22
6.13
7.88
4.50
3.51
2.69
6.87
3.43
2.53
2.60
0.18
5.14
7.55
6.02
2.97
8.88
3.61
4.84
