7.82
8.31
8.82
8.11
6.27
7.38
5.09
4.28
3.36
5.66
3.35
7.05
5.85
4.70
7.42
1.43
5.57
1.03
4.31
7.19
6.93
5.69
0.87
3.50
4.38
7.75
6.47
5.60
6.05
6.73
6.15
4.21
2.23
5.10
4.52
3.79
6.13
2.08
7.44
4.77
3.49
4.58
4.27
4.63
8.33
3.17
3.63
3.56
2.74
2.46
6.39
6.34
7.44
5.30
6.19
2.76
5.38
3.69
4.81
4.32
6.87
9.42
5.83
4.01
5.76
5.13
5.99
5.48
4.07
4.82
4.32
3.62
6.19
5.23
2.82
6.47
2.88
4.99
3.32
5.76
1.97
5.26
3.95
5.42
5.30
8.63
6.73
3.03
4.42
7.63
6.35
6.33
2.67
4.60
5.42
5.75
3.18
3.01
5.08
7.40
1.02
7.98
3.83
3.46
3.57
3.09
5.74
5.98
2.19
3.84
4.05
2.66
8.54
7.25
4.22
4.61
5.98
4.15
5.06
8.29
5.22
2.87
5.80
5.18
6.75
4.02
2.84
4.85
3.69
4.00
5.29
2.97
8.82
4.21
6.60
5.51
5.25
8.94
2.63
7.17
6.88
6.21
7.54
4.60
3.07
7.89
4.96
5.87
5.71
0.97
3.80
7.09
3.23
2.85
3.58
10.0
7.43
5.22
6.03
4.05
1.96
4.83
5.05
9.16
7.28
4.82
7.46
6.61
6.20
7.77
7.21
5.75
7.14
6.93
2.93
6.64
6.80
3.35
5.52
8.45
3.83
2.42
7.86
2.99
4.63
2.81
6.44
8.33
2.34
0.20
8.90
7.30
6.56
5.58
2.39
8.64
6.24
6.84
4.25
4.51
7.66
7.17
4.67
4.39
5.82
4.86
7.41
1.05
4.37
5.55
9.24
2.74
5.36
2.53
2.55
5.94
8.04
7.03
4.65
6.36
2.28
1.00
4.67
9.16
10.6
4.95
9.09
2.61
0.12
5.42
6.22
5.74
7.47
4.21
7.30
1.50
5.13
7.56
2.09
6.57
2.09
2.99
5.28
1.94
1.23
6.87
3.94
6.00
7.01
2.08
5.38
5.85
4.83
4.47
5.85
3.04
7.03
4.84
4.05
5.14
3.42
6.11
1.26
6.56
5.11
4.30
7.51
10.2
2.24
6.99
4.60
2.77
3.98
1.46
4.90
5.60
4.77
6.04
1.68
5.21
5.04
2.11
5.23
7.26
4.08
4.01
3.74
11.5
3.90
3.28
3.21
5.46
4.18
8.51
4.72
4.15
6.72
3.26
3.47
5.75
5.78
2.83
2.69
7.02
6.34
5.17
4.61
5.62
4.06
6.56
4.90
5.68
9.22
5.84
6.39
4.45
4.84
2.76
5.57
8.08
7.90
3.06
7.43
2.30
5.96
4.80
5.68
2.66
1.17
7.65
6.71
3.34
2.96
7.57
7.34
4.72
7.41
6.61
6.44
2.95
3.52
4.80
4.39
3.86
7.24
6.63
8.84
11.2
0.87
9.00
4.60
3.98
4.84
5.22
6.33
4.03
4.47
3.64
5.25
4.06
