1.86
5.21
7.75
4.47
8.14
5.18
3.40
3.56
3.25
3.91
7.10
6.31
9.53
4.69
5.94
5.08
0.26
6.43
1.67
6.45
5.80
9.51
5.33
4.14
4.04
5.74
5.41
7.15
6.06
8.17
5.37
9.06
5.90
4.59
6.70
5.46
5.73
3.39
6.34
6.00
5.61
4.68
8.78
3.49
4.51
7.26
6.28
5.46
4.18
6.42
4.63
5.38
7.70
5.76
7.63
6.48
3.08
2.42
8.07
2.03
7.02
1.43
4.03
6.64
5.58
8.14
4.60
4.28
5.98
6.88
3.98
3.07
6.59
4.44
4.62
0.74
5.45
3.09
4.60
5.10
6.77
5.72
1.89
7.09
6.22
7.35
2.51
1.62
4.25
2.97
3.69
4.14
5.95
2.16
6.66
1.79
7.17
4.90
5.38
2.17
6.39
5.65
5.05
4.73
3.27
6.96
4.22
3.49
5.31
3.92
7.48
4.67
0.60
7.30
4.89
7.83
2.87
2.66
6.44
4.76
4.92
2.25
6.61
5.36
8.07
8.25
7.47
0.81
4.77
2.20
5.58
2.80
5.56
3.69
7.34
4.56
1.92
5.42
5.83
3.74
4.49
2.83
3.83
9.37
6.90
5.98
5.29
6.15
8.46
2.15
5.10
5.22
2.82
9.78
4.26
5.54
5.39
3.98
1.44
6.85
4.75
5.40
1.01
2.04
7.19
7.13
5.38
4.01
3.11
5.72
5.24
6.73
2.46
5.51
3.03
6.82
5.32
10.3
5.76
4.33
9.24
3.04
6.42
3.44
0.83
6.53
5.65
4.29
3.40
2.97
2.98
9.07
4.90
8.90
4.26
1.64
2.46
3.72
11.5
4.26
5.98
4.66
7.79
5.68
6.95
3.48
6.35
7.72
5.27
4.23
4.36
3.17
3.14
2.92
4.06
7.36
7.01
2.57
8.08
2.90
2.12
0.24
1.95
2.94
4.17
6.69
5.02
7.23
4.14
6.71
7.06
5.51
2.12
2.53
2.67
7.04
5.74
0.88
3.21
3.31
5.20
6.02
6.21
6.74
3.47
4.09
4.44
3.68
1.46
4.72
1.01
6.06
7.22
5.47
6.51
5.07
4.32
7.58
4.84
6.54
7.94
5.37
7.65
3.85
5.37
3.62
6.48
1.70
5.14
3.42
6.75
4.44
5.95
3.24
6.84
7.94
6.38
6.50
3.15
7.69
3.88
4.28
4.32
4.78
3.37
1.26
7.61
6.03
4.89
6.20
7.85
4.99
7.27
4.30
6.69
5.95
5.05
2.70
5.75
7.48
3.77
5.82
7.37
4.68
3.66
6.84
7.88
8.66
8.05
4.86
7.16
6.34
5.43
5.20
4.67
5.77
5.47
3.07
3.74
1.66
3.65
5.74
3.42
8.20
5.02
4.39
3.99
2.55
5.50
5.62
4.17
3.27
8.22
8.10
5.89
3.21
4.57
6.90
4.47
3.55
3.18
5.37
1.92
4.40
3.14
6.06
6.93
3.50
7.47
6.36
5.54
8.48
5.14
4.60
4.72
7.54
8.16
6.45
7.51
2.92
