7.70
7.95
7.99
8.53
9.83
9.13
7.53
7.89
9.34
7.95
7.73
7.92
7.99
11.0
7.99
7.89
7.60
7.24
7.17
7.16
7.18
7.81
6.89
7.17
7.22
7.77
7.97
7.89
7.18
7.81
8.43
7.79
9.22
8.16
8.44
7.94
8.86
8.06
8.99
9.19
7.73
9.24
9.16
8.96
7.97
8.34
5.97
7.99
10.9
9.05
9.26
6.98
9.76
8.89
9.00
9.00
9.91
8.00
9.00
9.81
10.8
10.6
5.97
9.50
9.00
9.95
10.5
7.00
13.2
9.00
8.00
7.00
8.00
7.01
12.0
10.6
9.47
10.0
9.00
10.8
8.99
9.80
7.00
10.9
6.99
11.8
7.99
7.99
10.7
9.42
7.00
7.99
9.59
7.96
9.08
9.15
9.00
7.96
8.57
9.54
8.92
12.8
12.0
10.4
8.83
6.96
8.12
7.96
5.00
7.99
5.96
6.99
8.40
8.98
7.00
13.0
8.00
8.99
7.00
7.00
10.0
11.0
9.23
8.99
8.99
7.99
9.99
5.97
7.97
8.97
9.34
8.98
9.99
7.89
7.91
7.62
7.98
7.98
10.0
7.99
8.99
6.99
9.71
8.92
11.0
7.99
11.0
8.62
12.5
11.0
11.0
5.99
8.99
10.2
9.64
10.5
10.6
6.96
8.49
9.95
9.92
9.00
9.91
6.94
9.45
9.81
10.3
5.99
6.99
4.99
6.99
8.89
8.99
10.8
5.98
8.49
7.92
10.4
8.26
11.0
