10.0
10.0
9.00
7.89
8.00
5.84
11.0
6.00
9.00
8.00
11.0
10.6
10.0
6.59
9.00
10.0
8.00
10.9
11.4
11.5
11.0
9.00
8.00
13.0
7.00
5.00
7.00
8.79
11.0
11.0
8.74
9.00
8.00
6.73
9.04
10.0
6.99
12.0
10.0
8.00
8.00
5.96
10.0
11.0
9.84
9.00
9.00
11.0
7.00
7.00
9.00
10.0
10.0
5.00
9.00
13.0
8.00
12.0
10.0
10.0
10.0
7.00
11.0
10.0
7.00
14.0
6.00
10.0
9.00
8.00
12.0
9.00
9.00
8.00
7.00
10.0
13.0
6.00
10.0
11.0
10.0
8.00
11.0
5.00
11.0
6.00
12.0
9.00
8.00
13.0
13.0
9.00
8.00
11.0
8.00
10.0
9.00
6.00
5.00
6.00
9.00
9.00
13.0
7.00
8.00
9.00
8.00
10.0
8.00
10.0
13.0
10.0
11.0
10.0
10.0
11.0
12.0
14.0
11.0
7.00
7.00
11.4
9.00
10.0
6.00
6.00
8.58
8.00
11.0
10.0
9.89
9.00
7.00
9.00
8.00
7.00
7.00
7.00
9.00
12.7
11.0
11.0
9.00
9.00
8.00
7.00
8.00
7.00
11.0
5.00
11.0
8.00
7.00
11.0
10.0
9.00
11.0
8.00
9.00
10.0
11.0
8.00
12.0
11.0
12.0
9.00
7.00
7.00
9.00
8.00
12.0
9.00
15.0
9.00
6.00
15.0
10.0
10.0
9.00
12.0
