6.37
9.64
9.00
5.01
9.00
8.94
9.82
10.2
8.96
8.80
7.91
8.56
8.02
7.97
8.36
6.98
8.47
9.36
7.98
7.39
6.98
6.95
6.80
7.71
6.99
7.37
7.19
7.43
8.08
7.77
9.03
7.99
8.00
8.03
7.97
5.99
8.77
8.50
9.82
8.00
12.0
7.01
10.0
3.00
6.01
11.0
10.0
8.01
9.01
7.97
8.72
8.32
8.35
8.60
7.00
5.98
8.94
10.0
12.0
11.0
10.0
9.00
7.00
8.00
6.00
13.4
9.50
10.0
7.99
6.00
10.0
10.8
7.98
10.3
6.94
7.83
7.56
7.30
7.98
8.20
7.61
9.58
12.0
8.27
12.0
8.01
12.1
9.00
8.04
6.04
14.0
10.0
7.01
10.0
10.0
9.01
5.00
11.1
7.01
11.0
11.1
11.0
8.00
11.1
10.0
12.0
9.06
8.01
11.0
7.01
8.01
11.0
9.01
12.0
8.00
10.0
7.01
11.0
11.0
10.0
10.0
11.0
10.0
9.00
13.1
12.1
10.0
10.1
6.05
11.1
12.1
11.1
10.0
8.06
8.07
6.04
13.1
10.1
12.0
7.05
9.06
12.1
10.1
8.07
13.0
8.08
12.1
11.1
6.01
7.00
9.00
8.00
10.0
8.01
9.01
11.0
7.00
10.0
10.0
7.01
12.0
9.00
13.0
10.0
9.00
8.00
8.00
11.0
12.0
9.00
11.0
13.0
7.01
9.01
10.0
6.01
10.0
7.00
11.0
11.0
