4.00
5.74
14.0
5.00
9.00
12.0
9.00
8.00
6.00
10.7
4.00
6.00
7.00
8.86
9.00
6.00
10.0
5.00
8.00
6.86
9.00
7.98
6.00
8.00
12.0
8.00
11.7
7.00
8.00
7.00
8.00
8.97
9.00
8.72
6.00
7.00
8.00
9.00
8.00
7.00
9.00
7.00
9.00
6.00
9.00
7.00
8.00
11.0
11.0
8.00
10.0
8.00
9.00
12.0
6.00
6.00
8.00
8.00
10.0
10.0
9.00
7.00
5.00
6.00
8.00
7.00
10.0
7.00
8.00
7.00
6.00
6.00
6.00
7.00
6.00
10.0
12.0
9.00
8.00
6.00
8.00
7.00
8.00
7.00
9.00
10.0
11.0
11.0
8.00
9.00
11.0
6.00
8.00
11.0
10.0
11.0
8.00
9.00
6.00
7.00
8.00
9.00
11.0
11.0
6.00
9.00
8.00
10.0
5.00
8.99
7.00
8.00
8.00
12.0
12.0
7.00
11.0
8.00
9.00
10.0
8.00
9.00
8.00
10.0
8.00
10.0
8.00
7.00
8.05
7.75
8.00
6.66
5.00
7.00
5.00
7.00
11.0
7.00
7.00
10.0
8.00
9.46
8.00
10.0
7.00
7.00
5.00
7.00
10.0
9.00
12.0
11.0
11.0
4.00
6.00
7.00
8.00
11.0
11.0
11.0
8.00
8.00
7.00
10.0
9.00
9.00
9.00
10.0
9.00
8.00
6.00
9.00
9.00
7.00
13.0
7.00
7.00
8.00
10.0
10.0
