5.00
10.0
9.01
2.00
8.00
5.00
6.00
8.00
8.00
9.01
10.0
9.01
10.0
6.00
8.00
10.0
5.00
5.00
5.00
9.01
8.00
5.00
6.00
12.0
7.00
8.00
12.0
8.00
10.0
7.00
5.00
8.00
11.0
12.0
8.00
4.00
12.0
9.01
5.00
10.0
4.00
9.01
8.00
10.0
9.01
4.00
7.00
9.01
10.0
9.01
8.00
8.00
13.0
6.00
11.0
8.00
10.0
10.0
10.0
7.00
8.00
9.01
6.00
6.00
11.0
14.0
8.00
5.00
9.00
5.00
11.0
10.0
7.00
8.00
5.00
7.00
8.00
9.01
9.01
9.01
8.00
8.00
8.00
5.00
8.00
9.01
8.00
9.99
10.0
4.00
10.0
10.0
5.00
10.0
9.00
8.00
11.0
7.00
11.0
12.0
6.00
12.0
8.00
6.00
5.00
9.00
8.00
5.00
7.00
9.01
10.0
5.00
7.00
7.00
7.00
6.00
11.0
9.00
9.00
5.00
10.0
9.00
12.0
12.0
9.01
10.0
6.00
9.01
6.00
6.00
9.00
13.0
9.01
6.00
9.00
8.00
11.0
8.00
8.00
6.00
8.00
7.00
6.00
7.00
8.00
7.00
11.0
6.00
6.00
10.0
11.0
8.00
7.00
5.00
5.00
9.01
8.00
10.0
13.0
10.0
4.00
6.00
6.00
13.0
11.0
7.00
7.00
3.00
6.00
6.00
9.00
12.0
7.00
8.00
5.00
9.00
8.00
9.01
6.00
10.0
10.0
7.00
12.0
7.00
12.0
7.00
3.00
13.0
10.0
10.0
9.01
9.00
9.01
8.00
9.01
7.00
5.00
11.0
12.0
9.00
7.00
8.00
13.0
8.00
11.0
10.0
7.00
13.0
10.0
5.00
9.00
10.0
9.00
7.00
12.0
6.00
8.00
8.00
7.00
8.00
8.00
8.00
10.0
5.00
12.0
9.00
10.0
8.00
6.00
10.0
10.0
8.00
8.00
10.0
10.0
8.00
8.00
6.00
13.0
10.0
8.00
11.0
6.00
9.01
10.0
10.0
6.00
11.0
9.01
9.00
12.0
9.00
9.01
4.00
10.0
8.00
7.00
8.00
8.00
9.00
7.00
11.0
6.00
7.00
9.01
9.01
8.00
11.0
7.00
10.0
8.00
10.0
11.0
7.00
10.0
8.00
10.0
8.00
12.0
10.0
9.00
8.00
7.00
7.00
8.00
8.00
8.00
7.00
12.0
7.00
12.0
13.0
7.00
10.0
8.00
9.01
10.0
5.00
11.0
9.01
